1031030805
1084346392
1102685694
1104751081
1108559043
1108985722
1112616272
1116574031
1116584388
1121244461
1121866753
1125048055
1128605465
1131453768
1161597725
1172053702
1178798573
1180623940
1193239975
1193239976
1193240887
1193241945
1193242136
1193242301
1193242747
1193243011
1193243158
1193243176
1193243303
1193243935
1193244146
1193245091
1193245128
1193245536
1193245626
1193245702
1193246487
1193246544
1196248498
1196263007
1196268110
1196938873
1196938874
1204293837
1204293902
1212479070
1212479180
1212479259
1215073718
1219655551
1219672867
1219933133
1220363644
1223457846
1226946807
1228456979
1228540896
1229593067
1229593095
1230715263
1234789589
1236608607
1237189625
1237212740
1248679312
1255509939
1267437532
1267437643
1274086529
1274108169
1274108836
1274358795
1275381624
1275917789
1275917864
1276518968
1276519392
1277465781
1278489250
1278573105
1282550414
1294327032
1294327036
1294327037
1294327038
1300118882
1301476017
1306483441
1307620891
1310550040
1311434704
1311434710
1313588169
1313589302
1313759649
1314366386
1314714815
1315584014
1316007714
1316418792
1316432802
1316532236
1322216243
1323452125
1323452127
1323452128
1326382511
1330519106
1330713276
1330713277
1332327969
1334302397
1334591565
1335447119
1336381228
1336381505
1336641524
1338905243
1340639548
1340959955
1342449025
1344524059
1344524882
1346160273
1347616237
1350561518
1352193010
1356687191
1357125898
1359543996
1359544341
1361277150
1362393117
1363772685
1365778956
1369667506
1371825956
1374852562
1377268668
1385472344
1386341051
1386605241
1386605524
1389968640
1394015531
1394024811
1394026812
1394809032
1394809428
1396015997
1396450325
1396540335
1396540365
1396540438
1396540469
1396540502
1396540542
1396540578
1396540583
1396540653
1396540668
1400855885
1404143082
1404143762
1404466330
1404999150
1406196285
1406197339
1406800149
1406886559
1407497655
1407497656
1407498260
1410181921
1410181925
1410512548
1410852010
1410853660
1410855077
1410858369
1410880117
1411395487
1411638858
1411733296
1412082432
1412851928
1412868649
1412868650
1412868653
1412948768
1412949061
1412949308
1412949461
1412950083
1413790656
1413811564
1415633424
1415635549
1415636169
1415638229
1415638231
1416213327
1416213913
1416214215
1416214752
1416479758
1416480148
1416480519
1416572948
1417177678
1418752927
1420457079
1420458683
1420646467
1420711565
1422608648
1422609219
1422609428
1422895972
1422896890
1422950522
1422952704
1423042060
1423066762
1423066764
1423215451
1424711016
1426580294
1427372621
1427372827
1427372963
1427871871
1427893999
1429198311
1429265005
1429268680
1429274607
1431079447
1431097389
1432196667
1442485814
1442486260
1442486578
1442486936
1442487387
1442841847
1442842174
1443012140
1443013439
1443530332
1443530512
1443532355
1443679311
1443679580
1443679825
1443680046
1443789840
1443789964
1443790007
1443790010
1443790080
1443790126
1443790131
1443790184
1443790260
1443790265
1443790376
1443790378
1443790416
1443790528
1443790684
1443790745
1443790870
1443790965
1443791058
1443791059
1443791061
1443791082
1443791549
1443791550
1443791553
1443791560
1443792037
1443792040
1443792168
1443792272
1443792311
1443792386
1443792538
1443792582
1443792884
1443792904
1443793076
1443793113
1443793517
1443793972
1443794077
1443794091
1443794092
1443794094
1443794096
1443794103
1443794385
1443794387
1443794392
1443794512
1443794516
1443794521
1443794731
1443794843
1443794846
1443794849
1443794895
1443795054
1443795063
1443795102
1443795107
1443795110
1443795115
1443795125
1443795128
1443795244
1443795255
1443795262
1443795274
1443795280
1443795283
1443795299
1443795340
1443795342
1443795346
1443795348
1443795349
1443795356
1443795393
1443795449
1443795469
1443795520
1443795526
1443795528
1443795530
1443795603
1443795632
1443795633
1443795639
1443795641
1443795659
1443795661
1443795663
1443795666
1443795671
1443795673
1443795674
1443795675
1443795677
1443795678
1443795683
1443795684
1443795686
1443795687
1443795690
1443795700
1443795703
1443795707
1443795708
1443795711
1443795716
1443795719
1443795725
1443795729
1443795736
1443795737
1443795739
1443795740
1443795760
1443795763
1443795775
1443795780
1443795784
1443795785
1443795798
1443795802
1443795803
1443795806
1443795809
1443795810
1443795812
1443795815
1443795896
1443795899
1443795930
1443796001
1443796457
1443796750
1443796751
1443796905
1443796907
1443796911
1443796947
1443797702
1443798151
1443798153
1443798549
1443798662
1443798671
1443798734
1443798913
1443798950
1443798951
1443799256
1443799528
1443799628
1443799800
1443799802
1443799881
1443800145
1443800386
1443800387
1443800389
1443800455
1443800820
1443801166
1443801170
1443801172
1443801186
1443801187
1443801190
1443801238
1443801417
1443801735
1443801738
1443801739
1443801741
1443801742
1443801745
1443801746
1443801747
1443801749
1443801751
1443801752
1443801766
1443801771
1443801773
1443801774
1443801775
1443801776
1443801779
1443801781
1443801786
1443801792
1443801793
1443801800
1443801801
1443801930
1443802194
1443802424
1443802855
1443802945
1443803098
1443803225
1443803460
1443803477
1443803483
1443803653
1443803931
1443804002
1443804315
1443804440
1443804442
1443804447
1443804586
1443805045
1443805419
1443805541
1443805878
1443805917
1443805959
1443806144
1443806558
1443806602
1443806606
1443806609
1443806616
1443806625
1443806629
1443806631
1443806632
1443807132
1443807182
1443807195
1443807311
1443807353
1443807875
1443807900
1443807980
1443807984
1443807985
1443807988
1443807994
1443808014
1443808027
1443808386
1443808390
1443808696
1443808759
1443809284
1443809286
1443809293
1443809294
1443809309
1443809800
1443809801
1443810536
1443810600
1443810667
1443810763
1443811015
1443811019
1443811039
1443811043
1443811100
1443811108
1443811116
1443811217
1443811222
1443811234
1443811248
1443811254
1443811289
1443811317
1443811318
1443811460
1443813119
1443813270
1443813315
1443813316
1443813394
1443813506
1443813601
1443813604
1443813618
1443813861
1443814057
1443814064
1443814175
1443814201
1443814211
1443814483
1443815520
1443815525
1443818882
1443818902
1443818923
1443818927
1443818948
1443818949
1443824664
1443824797
1443824920
1443825016
1443825019
1443825039
1443825041
1443825069
1443825071
1443825131
1443825211
1443825224
1443825471
1443825581
1443825660
1443825667
1443826364
1443826371
1443826380
1443826393
1443826428
1443826585
1443826864
1443826888
1443826892
1443827282
1443827834
1443828723
1443828946
1443830968
1443831232
1443831234
1443831243
1443831248
1443831404
1443831805
1443831833
1443831854
1443832036
1443832051
1443832066
1443832068
1443832091
1443832098
1443832114
1443832123
1443832124
1443832125
1443832131
1443832134
1443832151
1443832159
1443832205
1443832208
1443832210
1443832299
1443832379
1443832410
1443832549
1443832560
1443832566
1443832575
1443832578
1443832591
1443832593
1443832609
1443832617
1443832625
1443832628
1443832629
1443832632
1443832639
1443832646
1443832649
1443832652
1443832677
1443832694
1443832699
1443832702
1443832703
1443832715
1443832722
1443832726
1443832823
1443835077
1443835335
1443835423
1443836033
1443836104
1443836148
1443836246
1443836441
1443836816
1443837044
1443837472
1443837644
1443837866
1443838172
1443851614
1443852436
1443854358
1443854389
1443854495
1443854963
1443855455
1443857276
1443857474
1443857586
1443857822
1443858004
1443858413
1443858602
1443858745
1443858752
1443860004
1443861363
1443861385
1443861400
1443861785
1443861970
1443862158
1443862212
1443862496
1443862829
1443862921
1443862998
1443863095
1443863254
1443865333
1443865668
1443865835
1443865874
1443866064
1443866269
1443866272
1443866862
1443867307
1443868422
1443868839
1443869260
1443869261
1443869272
1443869317
1443869336
1443869466
1443869809
1443869848
1443869917
1443870001
1443870018
1443870068
1443870124
1443870172
1443870308
1443870327
1443870626
1443870708
1443870802
1443870803
1443870956
1443871011
1443871131
1443871251
1443871279
1443871291
1443871344
1443871350
1443871374
1443871465
1443871469
1443871477
1443871484
1443871490
1443871500
1443871515
1443871688
1443871787
1443871834
1443871837
1443871846
1443871910
1443871929
1443871938
1443872142
1443872333
1443872341
1443876469
1443877768
1443877981
1443878051
1443878187
1443878332
1443878965
1443881429
1443881868
1443882084
1443882301
1443883916
1443883918
1443883955
1443884027
1443884047
1443884208
1443885161
1443885337
1443885746
1443885764
1443885779
1443886508
1443886636
1443886637
1443886638
1443886640
1443886641
1443886758
1443887240
1443887300
1443887407
1443887473
1443887474
1443887475
1443887476
1443887953
1443887969
1443887975
1443888000
1443888204
1443888205
1443888258
1443888260
1443888261
1443888318
1443888387
1443888649
1443888870
1443889169
1443889558
1443889578
1443889732
1443890256
1443890998
1443891037
1443891108
1443891304
1443891350
1443892088
1443892368
1443892623
1443893352
1443893392
1443900620
1443900979
1443901495
1443906276
1443910675
1443910679
1443910682
1443911041
1443912329
1443912539
1443916826
1443919222
1443922109
1443922111
1443922829
1443923106
1443924917
1443925582
1443925978
1443927865
1443928428
1443928871
1443930317
1443931439
1443931921
1443932128
1443933532
1443933657
1443934142
1443934652
1443935374
1443935653
1443938005
1443939096
1443939271
1443939303
1444588443
1444589533
1444590050
1444672361
1445952942
1445953473
1445954133
1445954415
1452703591
1452760762
1453457148
1453471664
1454062677
1456236375
1456321693
1457011236
1457615521
1457615743
1457967749
1458738783
1461228869
1461230695
1461231207
1462204108
1462358504
1462553224
1462554882
1462556496
1464888258
1467640128
1467640329
1468851394
1470670256
1471453400
1472198901
1477466087
1477491729
1478514781
1478530436
1479889834
1480003376
1480525220
1480525431
1481815401
1483559955
1486662519
1486981394
1488895022
1492088497
1493367892
1493888612
1493892196
1496824250
1498220110
1500994034
1500994465
1502346008
1503993002
1503993248
1503993800
1511374842
1511779901
1511779910
1511873934
1512663195
1515415697
1516007462
1516177340
1516607156
1518075756
1519039337
1519744214
1521726600
1521727313
1521847778
1522937761
1525251777
1530107305
1534861905
1535540207
1536929878
1537343661
1539862010
1539862062
1540455600
1542124644
1542271284
1545137181
1545151177
1545211014
1546953740
1548942920
1553678148
1555078100
1557235186
1569269682
1573033201
1595859201
1600091603
1612427166
1614848676
1628756430
1630589120
1632990733
1636116072
1642510672
1645087386
1645087586
1645087647
1645088239
1645088383
1645089325
1645090072
1645090569
1645091255
1645782788
1645800123
1645800165
1646242888
1646926295
1647511199
1647616086
1648637529
1649155961
1649425895
1649687851
1649952908
1649953087
1649953208
1649953413
1650962304
1652105722
1652175197
1652187218
1652256361
1653909256
1656061626
1656061841
1656061882
1656061944
1656423637
1656511863
1656676161
1656676177
1657031378
1657528839
1657880997
1657888206
1658759639
1660318462
1661763791
1662043591
1663247803
1664277718
1667488071
1668587640
1668769086
1671543216
1671543882
1671544039
1673254880
1674131535
1676888551
1681737951
1686214981
1687851082
1694002039
1695371443
1700572558
1700647233
1700647585
1701870871
1701872555
1702477512
1705489770
1706542238
1706800409
1707393220
1707402359
1707406866
1707407166
1707408152
1707408350
1707485877
1084346392
1294327032
