1024676704
1024676706
1024676710
1024676714
1024676715
1024676718
1024676720
1024676721
1024676722
1024676723
1024676728
1024676729
1024676733
1024676734
1024676739
1024676740
1024676749
1024676750
1024676751
1024676752
1024676760
1024676761
1024676764
1024676766
1024676775
1024676776
1024676777
1024676780
1024676790
1024676791
1024676795
1024676799
1024676801
1024676803
1024676806
1024676809
1024676815
1024676816
1024676817
1024676825
1024676830
1024676832
1024676833
1024676835
1024676837
1024676838
1024676843
1024676845
1024676850
1024676852
1024676853
1024676860
1024676862
1024676863
1024676865
1024676866
1024676868
1024676872
1024676873
1024676878
1024676888
1024676892
1024676893
1024676897
1024676905
1024676906
1024676911
1024676912
1024676916
1024676920
1024676931
1024676938
1024676944
1024676958
1024676963
1027075839
1027939619
1028219928
1029757418
1030108145
1030112693
1030361714
1030435118
1030447009
1030454194
1030545730
1030548310
1030627363
1030627925
1030628102
1030628161
1030628363
1030628427
1030628922
1030628959
1030628994
1030629126
1030629632
1030629705
1030629989
1030630265
1030630360
1030630408
1030630614
1030630814
1030630869
1030631123
1030631315
1030631357
1030631466
1030631483
1030631525
1030631759
1030631798
1030632289
1030632345
1030632644
1030633761
1030633800
1030634172
1030634270
1030634395
1030634397
1030634625
1030634979
1030635578
1030635631
1030636853
1030649900
1030649958
1030650021
1030650281
1030650456
1030650525
1030650580
1030651348
1030651422
1030652008
1030652075
1030652321
1030652843
1030652989
1030653300
1030653603
1030653671
1030654461
1030655444
1030655941
1030656023
1030656079
1030696259
1030696538
1030696926
1030697290
1030697356
1030697421
1030698351
1030698705
1030699685
1030699872
1030700161
1030700445
1030700551
1030701634
1030701719
1030702453
1030702764
1030702898
1030703013
1030703499
1030704272
1030704367
1030704436
1030717105
1030721215
1031030373
1031030381
1031030393
1031030406
1031030431
1031030438
1031030441
1031030544
1031030597
1031030606
1031030643
1031030663
1031030761
1031030902
1031030909
1031030917
1031030918
1031030920
1031030921
1031030926
1031030927
1031030934
1031030936
1031030957
1031030959
1031030967
1031030969
1031030971
1031030973
1031030980
1031030982
1031030983
1031030984
1031030987
1031030996
1031030998
1031030999
1031031011
1031031014
1031031018
1031031019
1031031020
1031031021
1031031035
1031031040
1031031045
1031031047
1031031051
1031031059
1031031061
1031031063
1031031064
1031031092
1031031099
1031031100
1031031102
1031031104
1031031118
1031031123
1031031125
1031031126
1031031129
1031031132
1031031150
1031031235
1031031248
1031031254
1031031255
1031031260
1031031261
1031031272
1031031276
1031031280
1031031301
1031031302
1031031305
1031031332
1031031342
1031031346
1031031371
1031031375
1031031392
1031031394
1031031397
1031031398
1031031411
1031031418
1031031419
1031031420
1031031424
1031031444
1031031447
1031031453
1031031463
1031031465
1031031471
1031031567
1031031569
1031031576
1031031621
1031031645
1031031652
1031031668
1031031676
1031031690
1031031697
1031031701
1031031705
1031031706
1031031708
1031031721
1031031733
1031031754
1031031763
1031031769
1031031772
1031031773
1031031783
1031031810
1031031812
1031031813
1031031828
1031031853
1031031854
1031031858
1031031862
1031031866
1031031869
1031031871
1031031877
1031031884
1031031901
1031031902
1031031906
1031031913
1031031916
1031031920
1031031921
1031031923
1031031948
1031031964
1031031979
1031032006
1031032008
1031032010
1031032022
1031032030
1031032045
1031032056
1031032064
1031032065
1031032068
1031032086
1031032087
1031032088
1031032090
1031032097
1031032105
1031032109
1031032114
1031032115
1031032120
1031032122
1031032130
1031032136
1031032141
1031032151
1031032169
1031032171
1031032173
1031032182
1031032183
1031032184
1031032196
1031032205
1031579992
1034080011
1034323371
1034428439
1034428669
1034594047
1034776060
1034786817
1034786905
1034786939
1035366566
1035390550
1036765002
1037697373
1037697610
1037788943
1037871742
1038315773
1038401059
1038569751
1038569975
1038815908
1038820934
1038834791
1039437658
1039608009
1042115916
1043913981
1043914179
1044282322
1044283484
1045480150
1045480326
1046086678
1046087047
1046095364
1046169092
1049098849
1049201428
1049288909
1049710840
1049711438
1049712561
1049716050
1051603135
1052120352
1052290488
1052315010
1052726925
1052810057
1052821387
1053000661
1053329831
1053438437
1053523917
1053608332
1054814102
1054814274
1054814433
1054814591
1054814765
1054814936
1054815111
1054815319
1054815519
1055773955
1055774553
1055775406
1055775562
1055918484
1055918630
1056468914
1057063714
1057063971
1057222831
1057326689
1057333758
1057334076
1057586741
1057842668
1058442698
1058443045
1059058225
1059392123
1059393487
1059393642
1059393763
1059393897
1059394205
1059547668
1059662706
1059733547
1060698419
1060785621
1060946396
1060946695
1060949329
1060953322
1061910127
1062484730
1062580869
1062678934
1062679164
1062756316
1062772647
1063634418
1063634969
1063635403
1063809861
1063870471
1063886718
1063887300
1063887775
1063889043
1063954494
1063954876
1063976714
1064229117
1064229522
1064316867
1064334453
1064384623
1064422842
1064472798
1064569072
1064571061
1064838431
1065022007
1065454098
1065518139
1065705735
1065878824
1065879904
1066058219
1066058480
1066395282
1066396199
1066396360
1066720608
1067254796
1067255197
1067267847
1068197113
1069673334
1069861388
1069941076
1070265762
1070270604
1070271584
1070290740
1070291532
1070296797
1070362611
1070363023
1070363631
1070467253
1070467869
1070468149
1070468508
1070525837
1070532263
1070534667
1070535706
1070541461
1070544445
1070547423
1070547813
1070548122
1070548674
1070548951
1070549249
1070625619
1070879080
1070879246
1070879407
1070879945
1070880551
1070880716
1070956291
1071055287
1071056261
1071129147
1071496265
1071499930
1072779526
1073894709
1073902673
1074076181
1074081019
1074082199
1074082577
1074082956
1074499809
1074500498
1074513163
1074783698
1074854585
1075195582
1075285524
1075367378
1075814695
1075899140
1076330820
1076680112
1076685494
1076685726
1076686103
1076686594
1076687470
1076688455
1076689476
1076690161
1076690326
1076690524
1076690917
1076691230
1076691667
1076921124
1076925359
1076925532
1076925767
1076926329
1076927189
1076927727
1076928175
1076928704
1077553452
1077624291
1077875239
1078241126
1078333017
1078413898
1078490779
1078502060
1078840709
1078923739
1078924958
1078926774
1078927281
1079006270
1079533518
1079534404
1080046822
1080048532
1080050024
1080559911
1080560485
1080669794
1080713387
1080713820
1080715891
1080827265
1080827699
1080828041
1081262209
1081425933
1082120586
1082464401
1082464879
1082465403
1082989042
1082989466
1082990096
1083068509
1083221582
1083243917
1084521232
1084876418
1085131043
1085136464
1085411867
1085641627
1086594322
1086684520
1086775229
1087380322
1087381051
1087381846
1087384070
1087384988
1087385417
1087387445
1087389332
1087391593
1087394098
1087394268
1087394498
1088001461
1088001998
1088435158
1088435935
1088436698
1088492350
1088493701
1088494304
1088494719
1088501408
1088501973
1089207074
1089364292
1089638576
1089708488
1089727039
1089800257
1090251250
1091189258
1091189996
1091190839
1091698432
1092050152
1092220236
1092231908
1092325844
1092655022
1092737122
1092828912
1092898609
1092899120
1092900246
1094815477
1095164292
1095233052
1095257112
1095333723
1095336866
1095764587
1095768481
1095838364
1095930615
1095933482
1095934634
1096037526
1096271515
1096548670
1096972461
1096985745
1096987013
1097488909
1097748409
1097757957
1098278939
1098370513
1098968962
1099645918
1100532315
1100693520
1100779067
1100795282
1100796734
1100797185
1100797657
1100870281
1100871315
1101112899
1101123464
1101134150
1101138707
1101140436
1101200875
1101217741
1101227339
1101227930
1102503782
1102591316
1102598402
1102691059
1102929085
1102935052
1103028017
1103099713
1103118957
1103195017
1104163100
1104222397
1104226864
1104230452
1104241433
1104399550
1104403494
1104417804
1105691480
1106145242
1106151224
1106154717
1106226648
1106229956
1106233784
1106238986
1106319461
1106323967
1106758689
1106760422
1106761161
1106761942
1107182740
1107250048
1107335950
1108049772
1108120399
1108463833
1108571562
1108993877
1109077195
1109169395
1109170534
1109261849
1109581410
1109581968
1109589694
1109599385
1109670529
1109691433
1111489978
1111500868
1112694657
1112707370
1113294404
1113485351
1113814649
1114438285
1114504127
1114510211
1114527657
1114595570
1114778598
1115727998
1115804835
1115818844
1115819260
1115889065
1115901280
1116060366
1116162349
1116184377
1116188652
1116326387
1116329692
1116335205
1116339017
1116346036
1116397503
1116401107
1116401602
1116497259
1116515862
1116579186
1118053258
1118126484
1118216865
1118818328
1119251166
1119252602
1119429373
1119965300
1121757794
1121758833
1121777157
1121783968
1121950504
1122032914
1122294479
1122377639
1122393399
1122635132
1122884645
1122983976
1123052506
1123504269
1124193199
1125058863
1125925899
1126171423
1126179599
1126705571
1128430549
1128432802
1128433664
1128462078
1128591288
1128603729
1128604216
1128633715
1128934795
1128949379
1129196535
1130398579
1130503386
1131360138
1131436188
1131525194
1131530155
1131628306
1131635586
1131723335
1131979642
1132055008
1132126487
1132140816
1132151679
1132156512
1132224224
1132234063
1132234653
1132559235
1132572789
1132584370
1132674724
1133254858
1133255372
1133255799
1133271008
1133358005
1133365171
1133439487
1133956423
1134386892
1134467327
1134475149
1134483178
1134657683
1134719436
1134731752
1134988090
1135000920
1135768363
1135943529
1137681894
1138009989
1138018014
1138119422
1138179376
1138184384
1138192220
1138202478
1138636995
1138791006
1139227625
1139310759
1139390724
1139401288
1139478472
1139493086
1139497326
1139583859
1139822261
1141388486
1141394451
1141651264
1141654528
1141657487
1141661937
1141723118
1141735187
1141824653
1141833148
1141895603
1141976480
1141998334
1142516958
1142859024
1143111739
1143124363
1143451560
1143458733
1143466370
1143531693
1143552320
1143707468
1144053965
1144059191
1144318488
1144759852
1145439019
1145865989
1145954672
1146209846
1146581733
1146669748
1146735897
1146744076
1146753109
1146818146
1147202656
1147233010
1147346762
1147698498
1147765364
1147777611
1147788997
1147790307
1147898090
1147901641
1147941696
1148041226
1148051643
1148052620
1148312311
1148399017
1148632589
1149589932
1149678397
1149754337
1149775668
1150206743
1150207022
1150297030
1150804663
1150809581
1150872630
1150884709
1151332497
1151505292
1151565165
1151571533
1151660325
1151913123
1151934688
1152600748
1153733259
1154073654
1154347038
1155302367
1156258684
1156752005
1156767139
1156860205
1156934473
1156949708
1157023531
1157717825
1158574694
1158581359
1158582328
1158582928
1158583677
1158592353
1158592708
1158830885
1158841784
1158851841
1158904315
1159164254
1159246945
1159249958
1159253449
1159267926
1159270657
1159274461
1159281141
1159365482
