1583401035
1583401275
1583489985
1583856519
1584017947
1584023192
1584023939
1584030472
1584031449
1584100840
1584101404
1584444974
1585039839
1585058677
1586426325
1587566829
1588151905
1589453954
1592575148
1592990847
1594034744
1594207921
1594222219
1594806214
1594814951
1594895449
1594901757
1594977892
1594985939
1596008881
1596186043
1596539446
1596545382
1596717963
1597155487
1597307422
1597924311
1598011380
1598019558
1598528591
1599136664
1599748969
1600350952
1600698680
1600698981
1600773079
1601550924
1601981994
1602507109
1602773331
1602846269
1603113307
1603201955
1604317518
1604935371
1604935583
1604935768
1605533954
1606394601
1606837374
1607438061
1607702381
1608557360
1608557954
1608558094
1608558210
1608558507
1609938468
1610977942
1610980664
1611138453
1611219948
1611330154
1611589125
1611744272
1611746819
1612170425
1612265165
1612265478
1612265725
1612266728
1612267026
1612267240
1612267497
1612267738
1612267967
1612268555
1612268741
1612271338
1612271597
1612271770
1612272053
1612272416
1612272583
1612358401
1612358727
1612361694
1612361941
1612362079
1612362226
1612362449
1612362627
1612362801
1612363006
1612363146
1612363339
1612363628
1612363984
1612364196
1612364678
1612433695
1612442800
1613484973
1613654605
1614068911
1614250444
1614595344
1614613324
1614613911
1614847656
1614850578
1614857812
1614966490
1615477798
1616169789
1617009933
1617035907
1617104338
1617123490
1617123744
1617884161
1618318827
1618578049
1618824457
1618930769
1619712996
1620119334
1620305611
1621599322
1622110882
1622471296
1622531975
1622800360
1623074033
1623759816
1623853216
1623857401
1623936871
1624541683
1624874994
1624875300
1624963312
1625225052
1625487420
1625487758
1625487893
1625488280
1625488380
1625488476
1625490680
1625652942
1625729734
1625837589
1625838198
1626100155
1626103898
1626258566
1626337966
1626339283
1626367115
1626367952
1626692223
1626853269
1627305771
1627982738
1627999110
1627999482
1628174331
1628606623
1628606815
1628692489
1628762185
1628846001
1629383242
1629466963
1629882230
1629882390
1629972056
1630052318
1630408995
1630482307
1630491150
1630491436
1630491711
1630507954
1630569878
1630583155
1630935734
1631200209
1631604286
1631629864
1631707914
1631715938
1631793416
1631863068
1631880036
1632134440
1632146547
1632301118
1632301379
1632313285
1632313696
1632320536
1632320708
1632391172
1632470489
1632471961
1632482671
1632754249
1632840749
1632900329
1632900704
1632900825
1633363946
1633432876
1633434728
1633443071
1634133178
1634199307
1634209828
1634212166
1634283886
1634628855
1634815024
1634829340
1635258797
1635260876
1635516038
1635850148
1635857959
1635858140
1635930867
1636101560
1636101938
1636102133
1636102398
1636103619
1636103863
1636104070
1636104322
1636104589
1636104883
1636105068
1636105255
1636105427
1636105604
1636106279
1636106943
1636107761
1636109982
1636110993
1636111169
1636111355
1636111604
1636112346
1636113726
1636115218
1636116117
1636116350
1636363269
1636466639
1636647715
1636721649
1637143550
1637568790
1637683544
1637842678
1638175309
1638449680
1638885803
1639647727
1639648026
1640101922
1640680337
1641545839
1641546379
1641548150
1641558156
1641567412
1641897679
1641984676
1642068441
1642068728
1642430772
1642671459
1643018969
1643019114
1643019406
1643200211
1643275563
1643277461
1643618458
1644322634
1644397498
1644397706
1644398027
1644398203
1644423114
1644423632
1644424828
1644425321
1644485320
1644485806
1644593410
1644844941
1645087224
1645087228
1645087247
1645087657
1645088089
1645088114
1645088496
1645088561
1645088568
1645088775
1645089399
1645089505
1645089715
1645089836
1645089972
1645090077
1645090078
1645090293
1645090295
1645090507
1645090558
1645090560
1645090561
1645090562
1645090568
1645090570
1645090914
1645090958
1645090967
1645091091
1645091100
1645091103
1645091104
1645091105
1645091108
1645091109
1645091110
1645091258
1645091262
1645091267
1645091268
1645091269
1645091415
1645091419
1645091420
1645091428
1645091430
1645091431
1645091433
1645091434
1645091435
1645092023
1645092244
1645437282
1645437290
1645523951
1645538075
1645538327
1645538336
1645538367
1645622562
1645622854
1645622872
1645622896
1645622986
1645622993
1645713275
1645782984
1646062395
1646062435
1646141237
1646148226
1646211816
1646212082
1646212275
1646212285
1646242023
1646242473
1646242695
1646242731
1646297854
1646314417
1646314418
1646393002
1646400725
1646401403
1646401783
1646401947
1646402089
1646402266
1646402452
1646402626
1646403018
1646403782
1646404072
1646408179
1646408564
1646409500
1646409574
1646410465
1646643150
1646643584
1646643782
1646644585
1646644831
1646645448
1646645645
1646645842
1646646391
1646646719
1646647128
1646647298
1646647816
1646647967
1646648106
1646648716
1646649193
1646649527
1646649671
1646649815
1646650334
1646650511
1646665445
1646665842
1646817571
1646908179
1646926315
1646926352
1647004005
1647004283
1647340966
1647341149
1647341158
1647526665
1647616131
1647616323
1647616370
1647616440
1647616519
1647616534
1647616547
1647616558
1647616668
1647616731
1647865716
1647865747
1648046051
1648051374
1648051376
1648128623
1648132481
1648134195
1648135665
1648135996
1648135998
1648136009
1648452707
1648464804
1648466257
1648466298
1648547558
1648639415
1648715593
1648733508
1648733947
1648738948
1649062856
1649063607
1649064081
1649064664
1649064820
1649081376
1649147611
1649155960
1649155968
1649316257
1649342509
1649342739
1649662743
1649687793
1649687854
1649768549
1649768829
1649768970
1649769129
1649773311
1649837320
1649852960
1650369718
1650375185
1650456915
1650457841
1650539592
1650551058
1650618038
1650619674
1650632410
1650634229
1650870112
1650871274
1650871859
1650962349
1651062605
1651063724
1651069213
1651069214
1651140298
1651219241
1651229959
1651490267
1651649144
1651655818
1651658098
1651665909
1651666385
1651666614
1651666787
1651666944
1651763201
1651765319
1651766794
1651768250
1651837058
1651837108
1652105728
1652174436
1652176631
1652271113
1652271223
1652271319
1652346214
1652364944
1652429225
1652450072
1652450089
1652450148
1652708901
1652708906
1653306576
1653382991
1653393690
1653469285
1653471086
1653484747
1653491925
1653492103
1653639529
1653922053
1653926288
1654088675
1654089009
1654092486
1654094669
1654095238
1654158986
1654170528
1654189681
1654265254
1654699201
1654781756
1654781758
1654861854
1654873539
1655109692
1655109949
1655123923
1655127129
1655133966
1655461133
1655467168
1655974847
1655975020
1656061625
1656061928
1656061962
1656061964
1656338915
1656422342
1656423592
1656498512
1656499006
1656499300
1656499586
1656499848
1656500375
1656506152
1656511858
1656511875
1656591415
1656597052
1656676147
1656676166
1656937903
1656937904
1657031376
1657099318
1657528792
1657528814
1657545600
1657697608
1657711313
1657715137
1658325359
1658326007
1658417555
1658504196
1658504218
1658756077
1658918859
1658919234
1658919377
1659355891
1659434575
1659529239
1659945329
1659945341
1660315448
1660318377
1660645503
1660807413
1660897008
1661173633
1661173686
1661255077
1661260955
1661348569
1661414480
1661414638
1661417823
1661871756
1661871767
1661953806
1662382576
1662461576
1662546427
1662645531
1663575447
1664281692
1664496652
1664496702
1665049289
1665152119
1665495396
1665496528
1666098144
1666181744
1666598560
1666598758
1666800587
1666800973
1666873610
1666950737
1667209993
1667551941
1667906843
1667907042
1667907047
1668003375
1668423812
1668509560
1668697813
1668769990
1669214043
1669298844
1669799375
1669990902
1670232133
1670238586
1670318825
1670426306
1670485724
1670489738
1670495497
1670599120
1670851299
1670852252
1670928458
1671018476
1671116401
1671178065
1671185657
1671522740
1671542552
1671542787
1671543394
1671543579
1671544245
1671544407
1671544753
1671545034
1671545218
1671545356
1671545533
1671545536
1671610609
1671615902
1671707141
1671722648
1672231164
1672231319
1672231434
1672231506
1672231509
1672826894
1673008050
1673352986
1673359294
1673360803
1673445893
1673446041
1673611238
1673630653
1673869746
1673946874
1673969679
1674048629
1674049481
1674049984
1674227282
1674471458
1674577242
1674651202
1674652286
1674662535
1674731621
1674841809
1675078424
1675166654
1675171530
1675171532
1675256636
1675340441
1675340446
1675415968
1675437049
1675437129
1675942870
1676043499
1676633785
1676885082
1676885272
1676885429
1676885618
1676887765
1676887931
1676888076
1676888226
1676888401
1676906642
1677156302
1677164881
1677173094
1677254135
1677587796
1677589003
1677589116
1677837984
1678105296
1678105418
1678181954
1678721373
1678892186
1679057298
1679328410
1679498884
1679653074
1679912759
1680075299
1680075561
1680075687
1680075862
1680089971
1680164857
1680180007
1680180026
1680180390
1680180395
1680608487
1680610196
1680772963
1680773019
1681375462
1681732555
1681743874
1681809772
1681902107
1681975405
1682059930
1682087045
1682087051
1682406238
1682406647
1682511691
1682607815
1682687428
1683030994
1683188314
1683629955
1683874463
1683903942
1684233663
1684244683
1684244686
1684311278
1684311293
1684311596
1684501775
1684938337
1684939019
1685021410
1685093159
1685102600
1685519604
1685951542
1686050493
1686135488
1686304669
1686657317
1686657341
1687186957
1687259468
1687356615
1687517657
1687518045
1687530709
1687786904
1687786910
1687857758
1687863377
1687872374
1687877492
1687944550
1687957461
1687958021
1687958258
1688030440
1688041206
1688367481
1688993718
1688993884
1688995300
1688995304
1689067707
1689669145
1689669457
1689840771
1689840774
1689947800
1690196359
1690363229
1690365097
1690372710
1690801638
1690806669
1690807400
1690895365
1691060885
1691398190
1691417578
1691419608
1691499068
1691565384
1691565386
1691763543
1692004161
1692618698
1692707434
1693318439
1693487943
1693487949
1694002647
1694179929
1694443578
1694517003
1694529389
1694590617
1694612219
1694612702
1694613300
1694613315
1694700104
1695028449
1695195957
1695196083
1695290142
1695371432
1695735024
1695740340
1696427883
1696517843
1696577079
1696578436
1697106031
1698157891
1698660480
1698929972
1699267417
1699445751
1699453574
1699453737
1699528114
1699604828
1699869002
1699875720
1699968052
1700138885
1700221658
1700561235
1700648253
1700749196
1700749838
1700825979
1701099803
1701351799
1701353219
1701355602
1701772718
1701872675
1701872771
1702042476
1702042942
1702556400
1702896952
1702909511
1702910790
1704703374
1704729575
1704896987
1705046363
1705046619
1705572857
1705575760
1706006844
1706015652
1706023239
1706108055
1706110275
1706279302
1706279303
1706540362
1706696755
1706700064
1706704369
1706777749
1706784897
1706794549
1707143125
1707294732
1707302036
1707395338
1707396557
1707466204
1707736846
1707736847
1707831474
1707905564
1707912619
1707920402
1707998462
1708073273
1708430668
1708430826
1649687793
1132055008
1102598402
1150206743
