1443810856
1443810863
1443810864
1443810872
1443810874
1443810876
1443810877
1443810879
1443810891
1443810892
1443810895
1443810904
1443810908
1443810911
1443810914
1443810920
1443810962
1443810969
1443810973
1443810984
1443810986
1443810988
1443810989
1443810991
1443810992
1443810993
1443810994
1443810996
1443811034
1443811052
1443811078
1443811102
1443811103
1443811124
1443811131
1443811132
1443811144
1443811147
1443811182
1443811187
1443811189
1443811256
1443811271
1443811280
1443811310
1443811311
1443811314
1443811315
1443811325
1443811340
1443811363
1443811431
1443811433
1443811450
1443811464
1443811475
1443811476
1443811492
1443811524
1443813047
1443813123
1443813174
1443813208
1443813220
1443813239
1443813385
1443813652
1443813809
1443814177
1443814185
1443814221
1443814319
1443814348
1443814526
1443815039
1443815439
1443815466
1443815499
1443815643
1443818857
1443818979
1443819061
1443819065
1443819071
1443824577
1443824582
1443824596
1443824598
1443824635
1443824637
1443824649
1443824657
1443824660
1443824663
1443824679
1443824680
1443824699
1443824707
1443824716
1443824722
1443824724
1443824741
1443824746
1443824763
1443824772
1443824774
1443824787
1443824804
1443824810
1443824812
1443824813
1443824844
1443824849
1443824873
1443824878
1443824892
1443824957
1443824994
1443825006
1443825009
1443825020
1443825024
1443825027
1443825031
1443825035
1443825036
1443825044
1443825051
1443825054
1443825056
1443825062
1443825074
1443825089
1443825090
1443825094
1443825102
1443825125
1443825172
1443825189
1443825208
1443825216
1443825217
1443825221
1443825228
1443825229
1443825252
1443825253
1443825262
1443825266
1443825340
1443825341
1443825368
1443825369
1443825405
1443825412
1443825413
1443825416
1443825426
1443825430
1443825433
1443825457
1443825459
1443825481
1443825503
1443825556
1443825561
1443825562
1443825564
1443825568
1443825593
1443825595
1443825616
1443825638
1443825683
1443825700
1443825702
1443825703
1443825740
1443825744
1443825774
1443825782
1443825796
1443825802
1443825804
1443825906
1443825916
1443825919
1443825921
1443825940
1443825992
1443826132
1443826382
1443826753
1443826765
1443826783
1443826816
1443826819
1443826833
1443826837
1443826841
1443826844
1443826849
1443826852
1443826872
1443826893
1443826896
1443826897
1443826899
1443826930
1443826949
1443826954
1443826955
1443826960
1443826969
1443826976
1443826978
1443826990
1443827018
1443827021
1443827032
1443827033
1443827089
1443827109
1443827170
1443827176
1443827190
1443827191
1443827192
1443827201
1443827202
1443827204
1443827233
1443827234
1443827237
1443827243
1443827253
1443827281
1443827289
1443827299
1443827312
1443827329
1443827342
1443827347
1443827350
1443827795
1443827809
1443827814
1443827972
1443828002
1443828006
1443828033
1443828124
1443828615
1443828677
1443828678
1443828681
1443828686
1443828697
1443828709
1443828715
1443828718
1443828720
1443828724
1443828787
1443828798
1443828802
1443828821
1443828845
1443828862
1443828936
1443829009
1443829020
1443829021
1443829028
1443829029
1443829035
1443829036
1443829037
1443829039
1443829040
1443829042
1443829044
1443829049
1443829050
1443829053
1443829055
1443829056
1443829059
1443829060
1443829063
1443829064
1443829065
1443829071
1443829074
1443829080
1443829083
1443829085
1443829087
1443829117
1443829121
1443829122
1443829123
1443829143
1443830857
1443830867
1443830877
1443830881
1443830888
1443830893
1443830899
1443830902
1443830913
1443830915
1443830916
1443830920
1443830925
1443830939
1443830941
1443830942
1443830948
1443830951
1443830965
1443830970
1443830981
1443830991
1443831018
1443831048
1443831051
1443831057
1443831093
1443831201
1443831222
1443831245
1443831284
1443831339
1443831340
1443831341
1443831354
1443831364
1443831370
1443831375
1443831403
1443831407
1443831416
1443831430
1443831431
1443831444
1443831688
1443831701
1443831755
1443831762
1443831764
1443831786
1443831791
1443831801
1443831804
1443831806
1443831823
1443831825
1443831851
1443831876
1443831894
1443831898
1443831972
1443831978
1443831987
1443831990
1443832021
1443832041
1443832735
1443832765
1443833101
1443834276
1443834277
1443834295
1443834303
1443834326
1443834330
1443834339
1443834342
1443834349
1443834403
1443834408
1443834417
1443834425
1443834428
1443834434
1443834462
1443834472
1443834477
1443834490
1443834518
1443834523
1443834533
1443834539
1443834540
1443834541
1443834543
1443834545
1443834548
1443834550
1443834568
1443834570
1443834571
1443834572
1443834592
1443834640
1443834669
1443834697
1443834712
1443834716
1443834734
1443834766
1443834771
1443834775
1443834777
1443834787
1443834795
1443834812
1443834839
1443834840
1443834901
1443834935
1443834961
1443834994
1443834996
1443834998
1443835006
1443835012
1443835050
1443835058
1443835068
1443835135
1443835136
1443835176
1443835178
1443835196
1443835219
1443835220
1443835224
1443835249
1443835263
1443835279
1443835280
1443835283
1443835288
1443835292
1443835294
1443835306
1443835311
1443835312
1443835317
1443835321
1443835333
1443835338
1443835341
1443835372
1443835388
1443835390
1443835392
1443835406
1443835434
1443835451
1443835453
1443835457
1443835505
1443835522
1443835524
1443835532
1443835540
1443835574
1443835575
1443835641
1443835651
1443835656
1443835658
1443835665
1443835680
1443835681
1443835721
1443835733
1443835737
1443835764
1443835779
1443835820
1443835821
1443835827
1443835830
1443835861
1443835873
1443835874
1443835908
1443836009
1443836010
1443836016
1443836035
1443836072
1443836078
1443836102
1443836109
1443836110
1443836125
1443836135
1443836149
1443836152
1443836169
1443836199
1443836217
1443836330
1443836336
1443836345
1443836350
1443836362
1443836363
1443836451
1443836501
1443836502
1443836507
1443836511
1443836518
1443836520
1443836622
1443836635
1443836654
1443836682
1443836689
1443836690
1443836708
1443836724
1443836738
1443836739
1443836829
1443836862
1443836887
1443836906
1443836921
1443836960
1443836979
1443837002
1443837013
1443837019
1443837022
1443837029
1443837032
1443837045
1443837048
1443837069
1443837078
1443837095
1443837128
1443837193
1443837220
1443837222
1443837229
1443837230
1443837231
1443837238
1443837248
1443837252
1443837269
1443837307
1443837314
1443837368
1443837369
1443837386
1443837393
1443837420
1443837425
1443837455
1443837460
1443837461
1443837470
1443837487
1443837498
1443837499
1443837516
1443837521
1443837526
1443837527
1443837528
1443837535
1443837542
1443837567
1443837580
1443837583
1443837615
1443837618
1443837620
1443837635
1443837651
1443837655
1443837657
1443837700
1443837755
1443837761
1443837763
1443837764
1443837771
1443837775
1443837800
1443837802
1443837807
1443837812
1443837888
1443837937
1443837938
1443837974
1443837993
1443837995
1443838021
1443838022
1443838104
1443838136
1443838170
1443838192
1443838211
1443838229
1443838294
1443838303
1443838305
1443838315
1443838331
1443838338
1443838347
1443838354
1443840945
1443840969
1443840970
1443841032
1443854184
1443854185
1443854215
1443854247
1443854248
1443854257
1443854267
1443854273
1443854282
1443854291
1443854353
1443854359
1443854367
1443854368
1443854371
1443854373
1443854382
1443854422
1443854439
1443854522
1443854544
1443854591
1443854633
1443854642
1443854673
1443854678
1443854679
1443854705
1443854729
1443854732
1443854733
1443854745
1443854760
1443854776
1443854780
1443854809
1443854813
1443854821
1443854835
1443854848
1443854854
1443854857
1443854859
1443854879
1443854882
1443854883
1443854886
1443854900
1443854905
1443854906
1443854910
1443854914
1443854916
1443854921
1443854952
1443854969
1443855011
1443855015
1443855026
1443855027
1443855031
1443855054
1443855057
1443855108
1443855112
1443855120
1443855121
1443855125
1443855135
1443855146
1443855148
1443855166
1443855201
1443855203
1443855263
1443855306
1443855316
1443855323
1443855358
1443855408
1443855410
1443855476
1443855530
1443855560
1443855580
1443855589
1443855614
1443855635
1443855637
1443855647
1443855661
1443857258
1443857261
1443857263
1443857270
1443857274
1443857293
1443857296
1443857297
1443857303
1443857306
1443857307
1443857313
1443857330
1443857332
1443857343
1443857363
1443857415
1443857445
1443857466
1443857485
1443857490
1443857501
1443857511
1443857538
1443857550
1443857558
1443857578
1443857579
1443857597
1443857599
1443857601
1443857611
1443857613
1443857619
1443857620
1443857623
1443857633
1443857640
1443857668
1443857669
1443857772
1443857784
1443857798
1443857843
1443857852
1443857863
1443857949
1443857953
1443858019
1443858024
1443858041
1443858044
1443858047
1443858074
1443858080
1443858082
1443858091
1443858109
1443858142
1443858143
1443858152
1443858165
1443858184
1443858185
1443858188
1443858274
1443858314
1443858322
1443858325
1443858339
1443858349
1443858369
1443858387
1443858402
1443858410
1443858412
1443858456
1443858487
1443858496
1443858504
1443858507
1443858545
1443858575
1443858580
1443858588
1443858634
1443858735
1443858778
1443858790
1443858885
1443858911
1443858942
1443858977
1443859006
1443859019
1443859085
1443859098
1443859114
1443859129
1443859172
1443859225
1443859237
1443859259
1443859261
1443861221
1443861255
1443861256
1443861281
1443861285
1443861288
1443861289
1443861290
1443861302
1443861313
1443861330
1443861338
1443861339
1443861344
1443861370
1443861413
1443861422
1443861429
1443861434
1443861443
1443861447
1443861498
1443861505
1443861513
1443861593
1443861606
1443861608
1443861615
1443861616
1443861624
1443861643
1443861671
1443861704
1443861717
1443861721
1443861726
1443861741
1443861812
1443861831
1443861838
1443861851
1443861860
1443861869
1443861890
1443861922
1443861951
1443861963
1443861976
1443862013
1443862052
1443862079
1443862087
1443862111
1443862114
1443862115
1443862117
1443862127
1443862159
1443862160
1443862161
1443862167
1443862170
1443862211
1443862235
1443862308
1443862359
1443862376
1443862379
1443862380
1443862409
1443862452
1443862538
1443862542
1443862573
1443862578
1443862592
1443862594
1443862653
1443862655
1443862659
1443862671
1443862692
1443862703
1443862704
1443862717
1443862760
1443862816
1443862820
1443862878
1443862880
1443862906
1443862951
1443862957
1443863007
1443863011
1443863012
1443863079
1443863082
1443863132
1443863135
1443863154
1443863158
1443863164
1443863171
1443863252
1443863298
1443863353
1443863376
1443863377
1443863380
1443863385
1443863394
1443863416
1443863437
1443863445
1443863455
1443865368
1443865418
1443865423
1443865426
1443865464
1443865466
1443865474
1443865493
1443865503
1443865508
1443865517
1443865526
1443865534
1443865537
1443865548
1443865555
1443865559
1443865567
1443865581
1443865605
1443865608
1443865641
1443865675
1443865703
1443865710
1443865763
1443865769
1443865776
1443865779
1443865789
1443865809
1443865858
1443865867
1443865881
1443865924
1443865947
1443865964
1443865986
1443866001
1443866034
1443866081
1443866090
1443866091
1443866099
1443866103
1443866109
1443866110
1443866118
1443866152
1443866210
1443866244
1443866247
1443866250
1443866282
1443866342
1443866537
1443866592
1443866598
1443866641
1443866669
