1443866713
1443866785
1443866800
1443866805
1443866812
1443866829
1443866834
1443866836
1443866839
1443866866
1443866918
1443866968
1443867011
1443867021
1443867037
1443867106
1443867153
1443867164
1443867181
1443867305
1443867385
1443867412
1443867442
1443867450
1443868376
1443868395
1443868415
1443868431
1443868470
1443868746
1443868760
1443868821
1443868870
1443868907
1443868914
1443868964
1443868982
1443869020
1443869029
1443869043
1443869092
1443869114
1443869117
1443869122
1443869126
1443869131
1443869132
1443869152
1443869209
1443869223
1443869242
1443869379
1443869491
1443869498
1443869552
1443869570
1443869581
1443869622
1443869623
1443869626
1443869636
1443869643
1443869687
1443869730
1443869738
1443870414
1443870424
1443870439
1443870503
1443870517
1443871549
1443871552
1443871553
1443871562
1443871608
1443871614
1443871643
1443871687
1443871698
1443871702
1443871713
1443871715
1443871717
1443871823
1443872010
1443872021
1443872071
1443872287
1443872574
1443872595
1443872602
1443872604
1443872610
1443872682
1443872768
1443872769
1443872774
1443872779
1443872850
1443873062
1443873101
1443873130
1443873162
1443873214
1443873251
1443873267
1443873324
1443874799
1443874802
1443874812
1443874871
1443874878
1443874884
1443874903
1443874904
1443874905
1443874992
1443875015
1443875076
1443875124
1443875135
1443875151
1443875251
1443875302
1443875377
1443875574
1443875651
1443875717
1443875718
1443875840
1443875894
1443876013
1443876020
1443876152
1443876197
1443876204
1443876258
1443876265
1443876314
1443876501
1443876980
1443876981
1443877202
1443877405
1443878012
1443878066
1443878183
1443878209
1443878461
1443878697
1443878698
1443878707
1443878729
1443878778
1443878780
1443878788
1443878796
1443878797
1443878819
1443878832
1443878833
1443878846
1443878851
1443878863
1443878879
1443878932
1443878933
1443878938
1443878999
1443879002
1443879003
1443879017
1443879166
1443879344
1443879357
1443879472
1443879977
1443879989
1443880011
1443880014
1443880115
1443880118
1443880149
1443880152
1443880177
1443880178
1443880182
1443880204
1443880217
1443880224
1443880246
1443880273
1443880274
1443880284
1443880289
1443880334
1443880337
1443880338
1443880432
1443880596
1443880598
1443880616
1443880631
1443880650
1443880799
1443880800
1443880808
1443880848
1443880866
1443880880
1443880881
1443880882
1443881334
1443881344
1443881503
1443881513
1443881533
1443881606
1443881608
1443881627
1443881638
1443881643
1443881675
1443881726
1443881741
1443881755
1443881804
1443881828
1443881867
1443882013
1443882108
1443882151
1443882228
1443882236
1443882256
1443882272
1443882347
1443882350
1443882433
1443882505
1443882544
1443882677
1443882712
1443882728
1443882755
1443882775
1443882797
1443882834
1443882837
1443882883
1443882890
1443883953
1443883992
1443884019
1443884040
1443884051
1443884148
1443884386
1443884539
1443885011
1443885058
1443885105
1443885164
1443885185
1443885240
1443885300
1443885304
1443885313
1443885322
1443885323
1443885391
1443885440
1443885486
1443885521
1443885571
1443885572
1443885617
1443885671
1443885720
1443885780
1443885784
1443885826
1443885916
1443885934
1443885937
1443885950
1443885974
1443886069
1443886209
1443886214
1443886218
1443886244
1443886276
1443886582
1443886585
1443886587
1443886598
1443886601
1443886737
1443886753
1443886783
1443886837
1443886871
1443886900
1443886909
1443886922
1443886962
1443886968
1443886995
1443887044
1443887089
1443887096
1443887110
1443887196
1443887291
1443887324
1443887329
1443887332
1443887385
1443887472
1443887533
1443887561
1443887562
1443887564
1443887570
1443887606
1443887620
1443887631
1443887635
1443887643
1443887702
1443887732
1443887779
1443888141
1443888143
1443888147
1443888214
1443888276
1443888322
1443888362
1443888396
1443888397
1443888424
1443888443
1443888449
1443888565
1443888576
1443888740
1443888751
1443888811
1443888847
1443888897
1443888923
1443888952
1443888959
1443888965
1443889013
1443889046
1443889098
1443889116
1443889124
1443889150
1443889207
1443889339
1443889430
1443889443
1443889461
1443889468
1443889514
1443889537
1443889538
1443889592
1443889741
1443889752
1443889987
1443890107
1443890115
1443890151
1443890173
1443890284
1443890460
1443890470
1443890473
1443890639
1443890770
1443890787
1443890792
1443891050
1443891139
1443891209
1443891227
1443891228
1443891243
1443891250
1443891312
1443891353
1443891389
1443891397
1443891427
1443891454
1443891472
1443891473
1443891532
1443891559
1443891577
1443891604
1443891608
1443891633
1443891726
1443891734
1443891777
1443891826
1443891907
1443891912
1443891950
1443891960
1443892072
1443892112
1443892203
1443892278
1443892338
1443892351
1443892373
1443892437
1443892464
1443892481
1443892584
1443892646
1443892720
1443892728
1443892805
1443892806
1443892826
1443892865
1443892935
1443893236
1443893247
1443893250
1443893295
1443893340
1443895726
1443900609
1443900673
1443900701
1443900738
1443900796
1443900832
1443900856
1443900868
1443900925
1443900936
1443900948
1443901027
1443901076
1443901100
1443901138
1443901238
1443901352
1443901368
1443901489
1443901719
1443901764
1443901913
1443901955
1443902001
1443905867
1443906130
1443906156
1443906180
1443906193
1443906237
1443906341
1443906359
1443906393
1443906479
1443906491
1443906614
1443909073
1443909130
1443909193
1443909343
1443909485
1443909593
1443909771
1443909867
1443909921
1443909942
1443909966
1443909970
1443909976
1443910063
1443910080
1443910104
1443910127
1443910133
1443910321
1443910334
1443910339
1443910353
1443910400
1443910603
1443910629
1443910771
1443910776
1443910780
1443910781
1443910797
1443910800
1443910808
1443910811
1443910812
1443910827
1443910831
1443910832
1443910833
1443910842
1443910843
1443910847
1443910850
1443910852
1443910873
1443910875
1443910882
1443911004
1443911049
1443911059
1443911065
1443911150
1443911216
1443911254
1443911260
1443911281
1443911324
1443911502
1443911616
1443911650
1443911662
1443912244
1443912255
1443912256
1443912257
1443912301
1443912555
1443912696
1443912712
1443912767
1443912845
1443913347
1443916344
1443916354
1443916413
1443916945
1443916959
1443917609
1443917631
1443917766
1443917780
1443917802
1443919021
1443919064
1443919203
1443919293
1443919296
1443919299
1443919713
1443919732
1443919747
1443919748
1443919749
1443919754
1443919763
1443919773
1443920547
1443920747
1443920817
1443920893
1443921475
1443921557
1443921654
1443921670
1443921721
1443921765
1443921864
1443921872
1443921909
1443921911
1443921924
1443921938
1443921956
1443922054
1443922055
1443922084
1443922087
1443922133
1443922144
1443922155
1443922487
1443922648
1443922656
1443922897
1443922918
1443922933
1443922989
1443922999
1443923011
1443923037
1443923038
1443923661
1443923766
1443923798
1443923894
1443923917
1443924264
1443924457
1443924740
1443925120
1443925694
1443925821
1443925833
1443925876
1443925879
1443926082
1443926150
1443927350
1443927615
1443927620
1443927697
1443927734
1443927850
1443927851
1443927933
1443927985
1443927986
1443927988
1443928042
1443928151
1443928157
1443928370
1443928394
1443928422
1443928430
1443928486
1443928503
1443928612
1443928683
1443928751
1443928840
1443928845
1443929215
1443929232
1443929233
1443929255
1443929258
1443929299
1443929639
1443929665
1443929666
1443929735
1443929824
1443929970
1443929980
1443930039
1443930042
1443930140
1443930223
1443930244
1443930267
1443930364
1443930467
1443930519
1443930535
1443931445
1443931524
1443931525
1443931696
1443931748
1443931993
1443932098
1443932340
1443932368
1443932536
1443932553
1443932625
1443932693
1443932718
1443932785
1443932835
1443932867
1443933024
1443933071
1443933115
1443933293
1443933315
1443933406
1443933479
1443933602
1443933613
1443933685
1443933707
1443933784
1443934020
1443934120
1443934192
1443934209
1443934295
1443934536
1443934540
1443934571
1443934584
1443934585
1443934724
1443935108
1443935145
1443935167
1443935183
1443935287
1443935397
1443935557
1443935594
1443935637
1443935788
1443935963
1443936061
1443936096
1443936414
1443936550
1443937329
1443937431
1443937566
1443937666
1443938233
1443938340
1443938789
1443939060
1443939169
1443939232
1443939582
1444399763
1444659021
1444730839
1445249680
1445348972
1445853412
1445869514
1445942228
1446027682
1446126944
1446127584
1446461359
1447060478
1447072080
1447141708
1447660898
1447749576
1447859781
1448547358
1448623090
1448623476
1449060679
1449130003
1450278582
1450351134
1450872526
1450873022
1450873123
1450886314
1451399824
1451482110
1451919075
1451992470
1452158841
1452179387
1452180193
1452586416
1452762431
1452763238
1452774302
1452779109
1452848622
1452849962
1453121964
1453201515
1453286463
1453457409
1453457427
1453457438
1453471521
1453471617
1453471623
1453471626
1453471634
1453471652
1453884582
1453885542
1453885666
1453994720
1453994964
1453994992
1454062665
1454337473
1454404523
1454423777
1454423960
1454429363
1454448132
1454448459
1454448539
1454448664
1454448684
1454448685
1454448873
1454451462
1454451601
1454451603
1454451667
1454452066
1454452080
1454452105
1454452244
1454452897
1454453107
1455205360
1455205559
1455278139
1455290051
1455291563
1455531536
1455531703
1455532065
1455547182
1455547378
1455630148
1455793264
1455794407
1455812438
1455870338
1455870344
1455870683
1456141445
1456141631
1456237206
1456321953
1456391341
1456825918
1456827512
1456829799
1456913296
1456924234
1457351888
1457353798
1457359044
1457359048
1457434112
1457521792
1457521906
1457521933
1457615742
1457949238
1457967665
1457967724
1457968299
1458207338
1458221648
1458226777
1458301912
1458554841
1458650897
1458738736
1458738778
1458739081
1458739086
1458739149
1459245951
1459351044
1459351128
1459351306
1459521281
1459521287
1459756954
1459762276
1459762278
1459842347
1459845656
1459859221
1459859228
1459859251
1459859645
1460106937
1460107002
1460369430
1460369466
1460451495
1460466114
1460467457
1460550294
1460550368
1460550457
1460550555
1460550725
1460553921
1460623518
1460704582
1460718137
1461228865
1461228879
1461230743
1461231215
1461332978
1461333047
1461589622
1461590226
1461592689
1461592893
1461672020
1461672166
1461672430
1461672686
1461673134
1461673838
1461673844
1461764287
1461764537
1461764714
1461764733
1461842852
1462204118
1462267890
1462267893
1462268030
1462363919
1462363920
1462363921
1462557700
1462557713
1462558732
1462804444
1462818615
1462970178
1463055712
1463487508
1463487606
1463487746
1463494403
1463501607
1463579973
1463648751
1463668339
1463742429
1463990441
1463992161
1464073923
1464338169
1464340466
1464603714
1464603717
1464888027
1464888159
1465303718
1465382195
1465389734
1465483200
1465550659
1465821386
1465821389
1465994192
1466072623
1466161898
1466171835
1466521368
1466521637
1466521707
1466613095
1466613549
1466613563
1466706059
1467124074
1467191648
1467309098
1467384889
1467550181
1467651230
1467724626
1467792439
1467821881
1467879850
1468241708
1468310399
1468312283
1468501499
1468504702
1468588525
1468588686
1469174342
1469193738
1469193854
1469439205
1469457844
1469457887
1469457924
1469458140
