1443798287
1443798291
1443798292
1443798299
1443798304
1443798305
1443798306
1443798308
1443798315
1443798316
1443798317
1443798324
1443798327
1443798330
1443798332
1443798334
1443798335
1443798340
1443798341
1443798344
1443798346
1443798364
1443798366
1443798372
1443798375
1443798378
1443798380
1443798382
1443798385
1443798386
1443798388
1443798391
1443798393
1443798394
1443798395
1443798406
1443798409
1443798410
1443798411
1443798413
1443798438
1443798439
1443798440
1443798446
1443798447
1443798453
1443798454
1443798463
1443798483
1443798490
1443798491
1443798493
1443798495
1443798502
1443798505
1443798509
1443798510
1443798512
1443798515
1443798528
1443798535
1443798544
1443798547
1443798561
1443798566
1443798567
1443798569
1443798570
1443798594
1443798596
1443798599
1443798602
1443798607
1443798610
1443798611
1443798612
1443798613
1443798615
1443798627
1443798629
1443798630
1443798632
1443798633
1443798635
1443798636
1443798637
1443798641
1443798645
1443798646
1443798650
1443798657
1443798683
1443798693
1443798694
1443798701
1443798702
1443798706
1443798707
1443798711
1443798713
1443798716
1443798719
1443798720
1443798731
1443798733
1443798744
1443798745
1443798746
1443798747
1443798748
1443798751
1443798753
1443798754
1443798755
1443798758
1443798760
1443798776
1443798780
1443798781
1443798793
1443798813
1443798818
1443798866
1443798874
1443798903
1443798915
1443798925
1443798929
1443798936
1443798939
1443798940
1443798941
1443798949
1443798952
1443798953
1443798960
1443798966
1443798971
1443798974
1443798976
1443798978
1443798988
1443798998
1443799000
1443799002
1443799003
1443799026
1443799029
1443799073
1443799094
1443799105
1443799117
1443799186
1443799213
1443799214
1443799217
1443799218
1443799233
1443799234
1443799241
1443799243
1443799251
1443799270
1443799294
1443799314
1443799370
1443799373
1443799377
1443799378
1443799386
1443799387
1443799390
1443799399
1443799400
1443799404
1443799407
1443799411
1443799413
1443799414
1443799415
1443799416
1443799417
1443799435
1443799436
1443799438
1443799439
1443799440
1443799446
1443799451
1443799465
1443799480
1443799482
1443799483
1443799565
1443799584
1443799587
1443799611
1443799614
1443799615
1443799616
1443799617
1443799619
1443799641
1443799645
1443799649
1443799651
1443799652
1443799653
1443799668
1443799717
1443799770
1443799776
1443799777
1443799805
1443799814
1443799878
1443799890
1443799894
1443799895
1443799905
1443799937
1443799939
1443799941
1443799943
1443799944
1443799946
1443799951
1443799956
1443799960
1443799963
1443799964
1443799969
1443799981
1443799996
1443800050
1443800077
1443800081
1443800083
1443800086
1443800090
1443800104
1443800120
1443800123
1443800126
1443800146
1443800162
1443800168
1443800184
1443800187
1443800191
1443800192
1443800193
1443800195
1443800200
1443800240
1443800362
1443800363
1443800365
1443800390
1443800395
1443800400
1443800401
1443800402
1443800405
1443800410
1443800412
1443800415
1443800421
1443800434
1443800458
1443800461
1443800462
1443800487
1443800493
1443800497
1443800555
1443800571
1443800626
1443800628
1443800634
1443800639
1443800656
1443800658
1443800662
1443800676
1443800680
1443800688
1443800690
1443800748
1443800808
1443800816
1443800817
1443800826
1443800827
1443800835
1443800836
1443800838
1443800841
1443800845
1443800846
1443800847
1443800856
1443800862
1443800865
1443800872
1443800874
1443800879
1443800884
1443800885
1443800889
1443800890
1443800891
1443800893
1443800896
1443800897
1443800901
1443800906
1443800907
1443800908
1443800909
1443800911
1443800914
1443800921
1443800927
1443800929
1443800934
1443800946
1443800947
1443800954
1443800955
1443800971
1443800974
1443801022
1443801077
1443801102
1443801110
1443801115
1443801126
1443801129
1443801132
1443801134
1443801209
1443801210
1443801277
1443801280
1443801281
1443801282
1443801286
1443801289
1443801325
1443801330
1443801346
1443801353
1443801364
1443801369
1443801370
1443801374
1443801384
1443801468
1443801470
1443801472
1443801474
1443801477
1443801510
1443801574
1443801592
1443801595
1443801602
1443801616
1443801645
1443801695
1443801919
1443801924
1443802037
1443802044
1443802050
1443802257
1443802258
1443802274
1443802285
1443802288
1443802292
1443802293
1443802295
1443802297
1443802301
1443802305
1443802312
1443802317
1443802325
1443802326
1443802327
1443802330
1443802333
1443802334
1443802337
1443802338
1443802341
1443802347
1443802349
1443802350
1443802352
1443802355
1443802364
1443802365
1443802366
1443802367
1443802368
1443802371
1443802377
1443802582
1443802584
1443802590
1443802596
1443802607
1443802701
1443802757
1443802762
1443802763
1443802766
1443802768
1443802771
1443802774
1443802804
1443802812
1443802819
1443802838
1443802839
1443802840
1443802846
1443802851
1443802852
1443802853
1443802882
1443802897
1443802898
1443802899
1443802922
1443802925
1443802927
1443802940
1443802947
1443802951
1443802954
1443802960
1443802964
1443802977
1443802978
1443802983
1443803003
1443803022
1443803035
1443803037
1443803039
1443803040
1443803041
1443803043
1443803044
1443803045
1443803057
1443803060
1443803067
1443803068
1443803072
1443803073
1443803075
1443803079
1443803082
1443803083
1443803090
1443803104
1443803114
1443803118
1443803120
1443803122
1443803123
1443803124
1443803131
1443803134
1443803140
1443803145
1443803151
1443803152
1443803156
1443803163
1443803166
1443803167
1443803175
1443803177
1443803178
1443803179
1443803180
1443803184
1443803185
1443803194
1443803195
1443803199
1443803202
1443803219
1443803221
1443803223
1443803226
1443803227
1443803232
1443803233
1443803234
1443803237
1443803256
1443803258
1443803278
1443803285
1443803288
1443803292
1443803304
1443803321
1443803324
1443803339
1443803340
1443803343
1443803346
1443803350
1443803353
1443803423
1443803424
1443803426
1443803452
1443803461
1443803467
1443803512
1443803514
1443803520
1443803607
1443803608
1443803610
1443803618
1443803632
1443803647
1443803658
1443803661
1443803666
1443803669
1443803675
1443803680
1443803692
1443803704
1443803705
1443803714
1443803715
1443803717
1443803719
1443803724
1443803747
1443803761
1443803764
1443803778
1443803781
1443803782
1443803783
1443803791
1443803793
1443803796
1443803803
1443803804
1443803813
1443803814
1443803894
1443803918
1443803924
1443803930
1443803951
1443803952
1443803953
1443803969
1443803993
1443804100
1443804107
1443804109
1443804124
1443804129
1443804130
1443804131
1443804142
1443804191
1443804196
1443804238
1443804275
1443804276
1443804280
1443804299
1443804304
1443804313
1443804314
1443804319
1443804323
1443804324
1443804350
1443804351
1443804352
1443804353
1443804359
1443804363
1443804370
1443804381
1443804394
1443804398
1443804419
1443804421
1443804423
1443804434
1443804435
1443804443
1443804463
1443804478
1443804481
1443804484
1443804485
1443804519
1443804528
1443804532
1443804551
1443804554
1443804560
1443804694
1443804707
1443804732
1443804757
1443804769
1443804775
1443804778
1443804781
1443804813
1443804815
1443804816
1443804817
1443804855
1443804856
1443804864
1443804868
1443804877
1443804881
1443804885
1443804889
1443804890
1443804905
1443804906
1443804913
1443804932
1443804933
1443804934
1443804937
1443804940
1443804948
1443804949
1443804968
1443804970
1443804979
1443805017
1443805061
1443805064
1443805065
1443805075
1443805078
1443805079
1443805083
1443805152
1443805159
1443805166
1443805168
1443805184
1443805209
1443805219
1443805254
1443805255
1443805256
1443805263
1443805272
1443805293
1443805296
1443805355
1443805373
1443805374
1443805376
1443805405
1443805433
1443805434
1443805445
1443805523
1443805532
1443805618
1443805633
1443805644
1443805653
1443805737
1443805756
1443805873
1443805874
1443805876
1443805886
1443805890
1443805892
1443805903
1443805918
1443805922
1443805935
1443805936
1443805942
1443805945
1443805949
1443806036
1443806037
1443806046
1443806077
1443806090
1443806112
1443806117
1443806131
1443806136
1443806139
1443806148
1443806245
1443806335
1443806348
1443806350
1443806396
1443806416
1443806419
1443806426
1443806431
1443806435
1443806478
1443806486
1443806501
1443806503
1443806504
1443806507
1443806519
1443806522
1443806534
1443806552
1443806554
1443806559
1443806565
1443806567
1443806568
1443806570
1443806572
1443806580
1443806581
1443806596
1443806611
1443806612
1443806620
1443806630
1443806639
1443806670
1443806688
1443806689
1443806698
1443806721
1443806746
1443806748
1443806751
1443806783
1443806818
1443806823
1443806841
1443806849
1443806943
1443806944
1443806945
1443806980
1443806983
1443806989
1443806990
1443806992
1443807015
1443807017
1443807019
1443807068
1443807101
1443807156
1443807166
1443807174
1443807278
1443807289
1443807312
1443807379
1443807397
1443807430
1443807476
1443807485
1443807561
1443807608
1443807613
1443807743
1443807828
1443807829
1443807847
1443807916
1443807942
1443807953
1443807979
1443807989
1443808089
1443808090
1443808144
1443808190
1443808491
1443808541
1443808569
1443808673
1443808683
1443808710
1443808837
1443808850
1443809017
1443809083
1443809120
1443809145
1443809153
1443809155
1443809159
1443809167
1443809169
1443809223
1443809226
1443809278
1443809280
1443809285
1443809298
1443809299
1443809310
1443809313
1443809314
1443809324
1443809335
1443809342
1443809343
1443809371
1443809372
1443809374
1443809380
1443809383
1443809384
1443809385
1443809386
1443809387
1443809388
1443809391
1443809412
1443809416
1443809417
1443809418
1443809430
1443809434
1443809435
1443809436
1443809440
1443809449
1443809450
1443809451
1443809454
1443809466
1443809469
1443809471
1443809476
1443809477
1443809484
1443809489
1443809490
1443809491
1443809492
1443809493
1443809501
1443809506
1443809508
1443809510
1443809538
1443809540
1443809545
1443809548
1443809549
1443809550
1443809552
1443809553
1443809554
1443809555
1443809558
1443809559
1443809571
1443809572
1443809577
1443809578
1443809579
1443809582
1443809584
1443809591
1443809592
1443809593
1443809599
1443809600
1443809601
1443809602
1443809606
1443809607
1443809611
1443809612
1443809616
1443809619
1443809621
1443809622
1443809623
1443809626
1443809632
1443809633
1443809634
1443809636
1443809641
1443809644
1443809645
1443809646
1443809653
1443809690
1443809699
1443809704
1443809724
1443809744
1443809745
1443809753
1443809774
1443809775
1443809790
1443809805
1443809817
1443809837
1443809839
1443809864
1443809865
1443809872
1443809874
1443809877
1443809923
1443809924
1443809926
1443809946
1443809981
1443810004
1443810006
1443810051
1443810216
1443810217
1443810219
1443810313
1443810339
1443810397
1443810400
1443810412
1443810417
1443810421
1443810431
1443810439
1443810440
1443810442
1443810446
1443810448
1443810460
1443810468
1443810472
1443810475
1443810476
1443810479
1443810485
1443810513
1443810517
1443810523
1443810539
1443810546
1443810549
1443810569
1443810573
1443810576
1443810623
1443810648
1443810659
1443810680
1443810681
1443810686
1443810701
1443810702
1443810715
1443810719
1443810724
1443810734
1443810735
1443810746
1443810751
1443810769
1443810787
1443810816
1443810827
