1323793527
1324028402
1324286706
1324305399
1324309714
1324369181
1324380501
1324462721
1324462781
1324463793
1324540174
1324547988
1325000487
1325000488
1325000489
1325065977
1325068475
1325068480
1325164390
1325165843
1325167247
1325517825
1325594941
1325682488
1325759538
1325842552
1326122942
1326123247
1326123468
1326123977
1326184039
1326214143
1326298795
1326377417
1326467766
1326468488
1326469014
1326471171
1326471477
1326473726
1326473733
1326731696
1326818019
1326892507
1326901064
1326904230
1326978743
1326992020
1326996769
1326996773
1327058227
1327058229
1327329266
1327330207
1327346754
1327400476
1327420919
1327488171
1327488177
1327565772
1327582476
1327655165
1327657192
1327933694
1328027484
1328086853
1328173998
1328201483
1328261182
1328262287
1328534437
1328537853
1328538989
1328542158
1328543333
1328545315
1328549274
1328628138
1328635959
1328719305
1328865705
1328871024
1328892994
1328893550
1328894965
1328898114
1329126081
1329129934
1329143324
1329146651
1329149964
1329151157
1329152104
1329206177
1329207101
1329210902
1329214746
1329215335
1329217175
1329232976
1329326349
1329381661
1329729055
1329730019
1329913332
1329914586
1329914869
1330010759
1330087601
1330351837
1330360834
1330415422
1330446125
1330510840
1330511262
1330512112
1330512668
1330529998
1330604672
1330621684
1330676488
1330713263
1330940947
1330941640
1330958766
1331045452
1331117719
1331287540
1331291134
1331304418
1331636536
1331717592
1331823886
1332175885
1332177125
1332231190
1332251325
1332261469
1332333673
1332347600
1332404263
1332411650
1332413823
1332414483
1332496261
1332496857
1332497470
1332512758
1332512823
1332513651
1332516279
1332746548
1332747936
1332748241
1332748520
1332767714
1332768408
1332768640
1332832464
1332843188
1332926781
1332948228
1333008558
1333012655
1333463279
1333469032
1333550261
1333616481
1333617168
1333617657
1334073454
1334128770
1334307829
1334308169
1334561674
1334588601
1334668350
1334742281
1334762851
1334763108
1334826662
1334911055
1334911056
1335174905
1335175089
1335175424
1335256712
1335259522
1335260873
1335273955
1335274474
1335275022
1335276902
1335278354
1335343337
1335370038
1335370039
1335447110
1335527852
1335528077
1335533775
1335533787
1335533802
1335792707
1335951331
1335951640
1335969603
1335974989
1336051859
1336122783
1336384922
1336391992
1336392297
1336400356
1336406300
1336406682
1336467124
1336479376
1336484166
1336578976
1336633268
1336634139
1336721928
1336722680
1336723190
1336728793
1336729738
1336730454
1336982861
1336983387
1336983618
1336993527
1337085817
1337178926
1337332987
1337600916
1337689230
1337694360
1337695544
1337699504
1337767744
1337841728
1337843722
1337844448
1337853815
1337854722
1337855345
1337855605
1337931057
1338302716
1338304078
1338375333
1338375594
1338464511
1338467720
1338795439
1338999770
1339407238
1339421739
1339422418
1339504098
1339504556
1339512602
1339513132
1339666571
1339688218
1340012039
1340031080
1340031295
1340031592
1340032210
1340178263
1340178422
1340179176
1340179824
1340180443
1340180884
1340181247
1340181423
1340184394
1340185110
1340186035
1340186608
1340187016
1340263194
1340263573
1340289448
1340289697
1340290602
1340292087
1340292307
1340292486
1340293489
1340352320
1340352331
1340352332
1340638485
1340885474
1340890588
1340954421
1340955547
1340966458
1341216860
1341310049
1341310578
1341310863
1341324559
1341394880
1341412017
1341413631
1341415338
1341471884
1341477951
1341478754
1341588478
1341828570
1341918785
1341932661
1341933582
1341938036
1341938344
1341938657
1341939090
1342009816
1342010182
1342013887
1342087302
1342429948
1342431135
1342432095
1342432428
1342432846
1342433034
1342433609
1342433785
1342433969
1342434219
1342434427
1342434912
1342435103
1342435287
1342435480
1342436020
1342436509
1342436691
1342437111
1342437353
1342437859
1342438028
1342438426
1342438633
1342438820
1342439243
1342439433
1342439669
1342440201
1342440544
1342508530
1342513480
1342528786
1342530097
1342531815
1342616067
1342698618
1343051486
1343052514
1343143254
1343295421
1343730117
1343805464
1343806547
1343817767
1343909448
1343919896
1343994003
1343994152
1344000854
1344268400
1344268688
1344329715
1344331107
1344411662
1344412124
1344412675
1344417872
1344424881
1344425457
1344425719
1344431663
1344516202
1344588583
1344602097
1344602746
1344857275
1344866225
1344872866
1345021029
1345021031
1345448079
1345468145
1345469475
1345470332
1345470662
1345473204
1345473205
1345707475
1345708730
1345738938
1345793555
1346077433
1346078480
1346158765
1346160852
1346161218
1346161519
1346228951
1346318538
1346320045
1346321351
1346403123
1346403448
1346407726
1346757438
1346766881
1346771696
1346843720
1346916715
1346933432
1346942945
1346943384
1347006578
1347006781
1347006801
1347446938
1347447267
1347447591
1347458345
1347529507
1347530301
1347530646
1347538796
1347616235
1347616236
1347616241
1347616248
1348047570
1348125846
1348129521
1348130197
1348150985
1348151631
1348152731
1348216883
1348476619
1348492371
1348556791
1348572738
1348588484
1348743267
1348745141
1348752344
1349079120
1349086878
1349101145
1349431152
1349431356
1349711125
1349769963
1349782991
1349859266
1349864605
1349879467
1349879541
1349948416
1349953940
1350049603
1350049620
1350396461
1350396813
1350397240
1350398616
1350463163
1350488381
1350560589
1350562833
1350567761
1350567978
1351092088
1351173135
1351178604
1351178607
1351507802
1351523624
1351523625
1351605421
1351678668
1351679324
1351701960
1351857299
1351858705
1351871911
1352384745
1352731208
1352733203
1352820356
1352890039
1352968573
1352973406
1352974516
1353397893
1353402285
1353402465
1353403047
1353404577
1353405864
1353418835
1353442256
1353485164
1353669750
1353669932
1353691475
1354186476
1354197935
1354202891
1354551847
1354715721
1354808316
1354808494
1355155834
1355158396
1355159258
1355212005
1355224267
1355307704
1355329120
1355415763
1355482556
1355493452
1355494687
1355501068
1355501859
1355502153
1355757578
1355823358
1355995372
1356016274
1356022620
1356023776
1356081514
1356347046
1357128748
1357139265
1357295756
1357563297
1357563666
1357656750
1357658736
1357659755
1357725449
1357725451
1357833282
1357918351
1358155777
1358168909
1358170621
1358171429
1358173757
1358244884
1358259927
1358333585
1358421529
1358439012
1358517357
1358784646
1358786643
1358786844
1358842914
1358845436
1358845915
1358846084
1358846625
1358846740
1358849852
1358850230
1358850563
1358851309
1358853157
1358853560
1358853976
1358856114
1358856237
1358856560
1358856977
1358932627
1358953330
1358954068
1359017213
1359025614
1359027368
1359102436
1359123431
1359462480
1359622741
1359622914
1359624050
1359625189
1359625878
1359629375
1359631013
1359631214
1359632274
1359633248
1359649544
1360053311
1360055156
1360061577
1360316280
1360318965
1360575236
1360595480
1360596694
1360753017
1360773861
1360773871
1361181091
1361204434
1361264159
1361279524
1361379433
1361379955
1361438893
1361529995
1361557675
1361784870
1361868621
1361882117
1361955038
1361961785
1362149122
1362392616
1362412994
1362415603
1362415951
1362731574
1362758686
1362997783
1362998849
1363254061
1363263141
1363275686
1363596621
1363597130
1363625426
1363771260
1363773141
1363866053
1363866790
1363885255
1364202411
1364205475
1364206310
1364210137
1364235146
1364389729
1364390786
1364399698
1364467591
1364470048
1364474627
1364475642
1364903574
1364909238
1364913752
1364971558
1365405522
1365410411
1365413471
1365414487
1365414769
1365415178
1365429230
1365429839
1365431021
1365598057
1365598502
1365601270
1365669338
1365693247
1366126112
1366126393
1366267245
1366268601
1366278759
1366279096
1366279444
1366279707
1366359524
1366360555
1366383590
1366383889
1366621686
1366708168
1366721973
1366723013
1366802309
1366904173
1366980006
1367231914
1367238943
1367239184
1367239601
1367247790
1367306087
1367315728
1367332141
1367849112
1367853526
1367926372
1367938838
1367942126
1367943150
1368530522
1368535012
1368540693
1368627289
1369206631
1369207859
1369208715
1369209823
1369318265
1369324277
1369392232
1369392458
1369399610
1369406955
1369664004
1369667505
1369725797
1369726168
1369726472
1369734247
1369740882
1369741765
1369750465
1369814178
1370012040
1370346242
1370358295
1370875555
1370877738
1370943009
1371041834
1371042956
1371130436
1371546371
1371547257
1371547583
1371566424
1371569052
1371635298
1371715972
1371716193
1371716395
1371717170
1371717434
1371717771
1371718386
1371825943
1372240168
1372268011
1372332245
1372405658
1372423015
1372424709
1372440525
1372861877
1373030629
1373376997
1373450265
1373874784
1374054798
1374153967
1374232559
1374240082
1374482512
1374485551
1374487125
1374504199
1374504994
1374505440
1374571915
1374580978
1374755224
1374766220
1375105099
1375172679
1375342949
1375346977
1375375747
1375434015
1375697865
1375712123
1375878547
1375878552
1376055289
1376466608
1376481308
1376485357
1376566470
1376645694
1376902260
1377000905
1377005595
1377086503
1377099707
1377529726
1377595105
1377705244
1377705664
1378389774
1378393455
1379321618
1379322484
1379412225
1379423934
1379424301
1379496732
1379664927
1379665129
1379678370
1379678727
1379931790
1379932046
1379932244
1379939918
1380006993
1380008730
1380180217
1380205520
1380287629
1380287896
1380287907
1380531107
1380633083
1380710355
1380710833
1381147924
1381148668
1381150167
1381151004
1381151277
1381151450
1381167473
1381228394
1381247070
1381319789
1381419607
1381420470
1381836434
1381837423
1381838162
1381838731
1381849882
1382022092
1382085174
1382085475
1382085838
1382352975
1382366168
1382431934
1382436465
1382450494
1382456204
1382527451
1382527452
1382696998
1382968222
1382975456
1383034870
1383068072
1383130051
1383571501
1383571758
1383572043
1383581569
1383657424
1383726329
1383732852
1383747837
1383748324
1383749083
1383842663
1384169235
1384179674
1384181874
1384331823
1384355944
1384357816
1384417568
1384419183
1384428137
1384522981
1384771202
1384772415
1384773311
1384858347
1384858510
1384868470
1384876822
1384949501
1384949796
1384949931
1385035376
1385134794
1385375610
1385383332
1385388752
1385454127
1385458391
1385462149
1385548892
1385555464
1385635185
1385998445
1386152621
1386162591
1386172224
1386172603
1386251553
1386260228
1386260929
1386261482
1386610532
1386755609
1386769577
1386770908
1386925867
1386926215
1386926471
1386929482
1386931190
1387189382
1387189608
1387189984
1387190798
1387194451
1387282656
1387448880
1387550576
1387552306
1387553335
1387791509
1387805132
1387879510
1387879784
1387879978
1388145032
1388670890
1388674897
1388675521
1388677732
1388679624
1388680156
1388736276
1388745184
1388762510
1388764490
1389025914
1389108160
1389350282
1389607849
1389620480
1389794070
1389794689
1389946950
1389964457
1389968090
1390230062
1390301045
1390379101
1390396539
1390396729
1390408759
1390570262
1390581720
1390582292
1390819117
1390819719
1390902731
1390908569
1390993355
1391011185
1391073419
1391073845
1391074526
1391074804
1391075065
1391075258
1391089006
1391091972
