1470297513
1470302048
1470303480
1470304237
1470304282
1470304322
1470390606
1470670254
1470736246
1470744129
1470775923
1470845319
1470845340
1470926784
1471008742
1471453398
1471453399
1471590823
1471591736
1471856502
1471856524
1471944858
1471948588
1472033816
1472049658
1472198926
1472481096
1472563163
1472653149
1472811080
1472811989
1473152725
1473158826
1473342662
1473422567
1473756475
1473853920
1473854362
1473936972
1473936973
1474037551
1474297904
1474538308
1474545117
1474547406
1474985020
1475012874
1475048530
1475151443
1475234824
1475234871
1475757547
1476103164
1476125962
1476263635
1476264614
1476264824
1476265510
1476266490
1476279616
1476279962
1476280084
1476280210
1476352449
1476376725
1476808132
1476959927
1476963575
1477042055
1477303698
1477345363
1477345377
1477392002
1477398826
1477484210
1477484556
1477561129
1477561372
1477561695
1477562170
1477562448
1477562631
1477563756
1478015912
1478086815
1478179859
1478186380
1478259485
1478260048
1478260475
1478260696
1478267417
1478530155
1478600585
1478600917
1478601188
1478602365
1478602671
1478602790
1478603038
1478603066
1478603068
1478603266
1478603268
1478603314
1478603455
1478603521
1478603611
1478603624
1478603739
1478603774
1478603790
1478603861
1478603866
1478604258
1478604467
1478604667
1478604753
1478605062
1478605092
1478605326
1478605342
1478605852
1478606035
1478606227
1478606321
1478606326
1478606355
1478606687
1478606754
1478606856
1478606942
1478607777
1478607920
1478608081
1478608251
1478608907
1478608964
1478609012
1478609491
1478609665
1478610410
1478610632
1478611246
1478611648
1478611950
1478612012
1478612468
1478612473
1478612528
1478612597
1478612951
1478613205
1478613223
1478613258
1478613361
1478613521
1478613537
1478613544
1478613586
1478613805
1478613906
1478613932
1478614391
1478614411
1478614797
1478614960
1478615477
1478615684
1478615864
1478616030
1478616345
1478617052
1478620103
1478678698
1478678926
1478798674
1479288889
1479367337
1479727686
1479740080
1479806280
1479809998
1480003479
1480003497
1480057986
1480079955
1480421808
1480422264
1480438171
1480525447
1480766269
1481019634
1481195137
1481195399
1481290914
1481545713
1481712648
1481712980
1481787668
1481794485
1481806252
1481815121
1482167064
1482323349
1482327569
1482328345
1482328379
1482491990
1482492445
1482492826
1482493065
1482836829
1483474592
1483559989
1484134473
1484157471
1484165729
1484592128
1484741496
1484742172
1484816921
1484820580
1484854609
1484927724
1485170129
1485170149
1485335194
1485347438
1485501096
1485511328
1485941371
1485953131
1486026288
1486031934
1486556593
1486595253
1486724927
1486989319
1487066410
1487160879
1487181719
1487234825
1487335466
1487594300
1487604826
1487775083
1487861267
1488965477
1489569770
1489570115
1490182296
1490701690
1490957545
1491220330
1491393259
1491401382
1491401762
1491562432
1491562434
1491562440
1491562442
1491577909
1491578234
1491579861
1491579878
1491579890
1491579923
1491580021
1491580253
1491931230
1492024353
1492025931
1492088516
1492189567
1492527038
1492676532
1493037544
1493042472
1493042473
1493132059
1493132060
1493132062
1493132122
1493718716
1493718727
1493892172
1494251552
1494350355
1494525432
1494526004
1494526020
1494870863
1495009178
1495009845
1495134059
1495181853
1495181922
1495539737
1496311061
1496320152
1496328545
1496825401
1496997140
1496997350
1496997755
1496997955
1496998273
1496998618
1496999065
1497259509
1497273904
1497274338
1497364710
1497387631
1497387879
1497601441
1497947820
1498143517
1498220079
1498545642
1498646657
1498734923
1498743457
1499083829
1499087278
1499764218
1499844477
1499874466
1499927581
1499934814
1499935531
1499937840
1499938167
1499938637
1499938876
1500279180
1500280279
1500292856
1500368113
1500452416
1500544935
1500546792
1500547101
1500979395
1501096249
1501233130
1501260075
1501260129
1501487798
1501488278
1501599551
1501751054
1501755727
1501783413
1501783433
1502116891
1502281163
1502286370
1502345974
1502345983
1502738820
1502739077
1502739294
1502739581
1502872115
1502906031
1502963389
1503048678
1503061685
1503081052
1503081079
1503499804
1503664097
1504028774
1504085869
1504085877
1504255293
1504255523
1504595594
1504717886
1505208190
1505214212
1505397472
1505397473
1505464980
1505467367
1505500413
1505500416
1505828763
1505829100
1505898837
1506086952
1506334283
1506335456
1506335461
1506532279
1506691408
1506691413
1507193226
1507707385
1507746727
1508142809
1508144829
1508144882
1508144997
1508145056
1508145522
1508251636
1508251943
1508499239
1509091700
1509102494
1509362353
1509362674
1509363045
1509363400
1509541923
1509635831
1510071480
1510147235
1510147742
1510572328
1510747489
1510863157
1510863264
1510901233
1510932135
1511179066
1511253101
1511295736
1511374827
1511434689
1511533181
1511776828
1513074854
1513090246
1513150813
1513152334
1513235019
1513592311
1513676020
1513776184
1513861098
1514387460
1515591534
1515591542
1515765704
1515768596
1515775523
1515775524
1516024121
1516186611
1516198398
1516261464
1516263322
1516279896
1516634712
1516786862
1516898079
1517318102
1517400192
1517482503
1517486878
1517497898
1517558546
1517582970
1517901613
1517901847
1517932210
1518010892
1518113375
1518520082
1518605315
1518605332
1518605339
1518686308
1518686452
1518686699
1519038778
1519112483
1519198392
1519198685
1519645804
1519658760
1519659009
1519744205
1519809033
1519827912
1520255103
1520347029
1520347040
1520441398
1520503653
1520520487
1520520636
1520841476
1520853450
1520853451
1521030570
1521712993
1521728515
1521821036
1521848292
1522144698
1522163558
1522336506
1522914245
1522914494
1522914649
1522914758
1522914860
1522914958
1522915167
1523005657
1523006010
1523258658
1523454173
1523546755
1523546757
1523880422
1523881300
1523883481
1523968605
1524043708
1524044114
1524128775
1524141853
1524147871
1524215430
1524496890
1524566953
1524571678
1524572352
1524572972
1524573649
1524574423
1524575049
1524575905
1524576758
1524577410
1524577732
1524754864
1524754867
1525679168
1525704179
1525789768
1526477751
1526639758
1526642942
1526656494
1526656939
1526978556
1526978907
1527080917
1527671523
1528118557
1528207430
1528441374
1528460427
1528460428
1528712903
1528792470
1528879532
1529591258
1530013763
1530097712
1530291176
1530522555
1530523900
1530613147
1530696477
1530805424
1530862443
1530879272
1531207290
1531312512
1531312513
1531827100
1532419748
1532510596
1533216845
1533281027
1533545617
1533645383
1533714452
1533726939
1533798659
1533813991
1533814218
1533886296
1533902454
1533905710
1533905918
1533906237
1534145375
1534231460
1534404713
1534430902
1534751270
1534751747
1534752000
1534857485
1534924260
1535008940
1535009122
1535015276
1535109960
1535379492
1535379500
1535379527
1535461366
1535539011
1535539033
1535539055
1535539679
1535539797
1535539798
1535539831
1535540149
1535540351
1535548265
1535700167
1535959744
1536159026
1536680421
1537180554
1537272712
1537338043
1537338253
1537338678
1537338837
1537364073
1537364101
1537520600
1537531525
1537532506
1537950934
1538057226
1538124306
1538463718
1538486653
1538488830
1538724835
1538725270
1538725570
1539069586
1539245964
1539246243
1539598759
1539688488
1539775354
1539861930
1539861992
1539862129
1540198985
1540215865
1540369933
1540452294
1540461541
1540466011
1540481928
1540544613
1540564476
1540756714
1540888665
1540892402
1540895636
1541000006
1541429826
1541585471
1541586751
1541605817
1541669803
1541751746
1541761152
1542188060
1542208368
1542298601
1542612267
1542613572
1542614652
1542626127
1542631718
1542794361
1542879956
1542884237
1543317121
1543570313
1543573811
1544014809
1544171974
1544172125
1544194758
1544437373
1544443816
1544522069
1544535606
1545035597
1545038756
1545039777
1545040207
1545058347
1545124235
1545231008
1545400626
1545400628
1545601706
1546439003
1546882072
1546882094
1547110878
1547131106
1547135262
1547136044
1547216501
1547666307
1548186997
1548245002
1548270642
1548322838
1548408723
1548690331
1548690694
1549363480
1549391725
1549391749
1549450572
1549450952
1549469901
1549615033
1549890491
1550055628
1550481702
1550670974
1550672854
1550733188
1550763140
1550763798
1550828088
1551011065
1551090978
1551092301
1551180770
1551198998
1551199010
1551266185
1551352807
1551352973
1551802640
1551802641
1551971349
1552318444
1552382081
1552404132
1552486607
1552640370
1552640796
1552897784
1553084945
1553096779
1553096781
1553096785
1553248578
1553269706
1553700371
1553872762
1553872815
1554126760
1554195246
1554385347
1554462689
1554965925
1554976592
1554978021
1555068734
1555069109
1555075113
1555075305
1555312232
1555315993
1555317239
1555317645
1555318132
1555337612
1555399023
1555405069
1555418515
1555494342
1555495746
1555508643
1556011055
1556030664
1556181066
1556205461
1556206004
1556533767
1556534057
1556534190
1556535705
1556536160
1556630078
1557147200
1557302232
1557912279
1557929573
1557996509
1558343553
1558351406
1558357779
1558445378
1558446532
1558510629
1558518136
1558950673
1558963585
1559034236
1559285704
1559287464
1559555818
1559556016
1559556186
1559556702
1559565633
1559718418
1559724923
1559735152
1559735562
1559905813
1559906041
1559906213
1560414183
1560869116
1560929046
1561382492
1561456952
1561534607
1561537848
1561547006
1561547296
1561547919
1561548389
1561629011
1561629259
1561630711
1561631686
1561641885
1561721920
1561724966
1561725213
1561725460
1561725748
1562654954
1562745172
1562850109
1562936464
1563174762
1563175064
1563357813
1563364492
1563790392
1563972183
1564046451
1564419716
1564645141
1565009616
1565009873
1565099129
1565183595
1565183783
1565617296
1565849590
1565889732
1566215717
1566455505
1566484999
1566485120
1566559800
1566831690
1566898353
1566898880
1567006739
1567093990
1567426569
1567427119
1567447723
1567447910
1567448070
1567448265
1567608881
1567764797
1567765139
1567765440
1567765889
1567766594
1568187128
1568281037
1568282382
1568283998
1568319966
1568320136
1568320331
1568320580
1568320793
1568796921
1569312135
1569846224
1569846589
1570010567
1570467229
1570546379
1570546738
1570632007
1570695959
1570707639
1570777214
1571048811
1571225432
1571314427
1571736625
1571828885
1571841696
1571985919
1572018174
1572271738
1572342381
1572857258
1572959966
1573141593
1573490370
1573545998
1573633344
1574089404
1574414608
1574954579
1575038941
1575285698
1575285937
1575290610
1575369790
1575377109
1575473641
1575881735
1575890011
1576230550
1576849048
1577440759
1577653853
1577658688
1577658846
1578306391
1578410216
1578410763
1578411035
1578483649
1578484384
1578485266
1578499819
1578673929
1578674482
1578931916
1578995306
1579005045
1579173453
1579272762
1579510713
1579512895
1579532250
1579601051
1579608362
1580220809
1580297946
1580382348
1580717467
1580727757
1580729327
1580800637
1580800983
1580801321
1580812953
1581084167
1581084416
1581085518
1581424089
1581586087
1581603405
1581930745
1581936970
1582105420
1582107839
1582123427
1582208596
1582211639
1582275257
1582542970
1582646443
1582647226
1582735720
1582890719
1583136940
