1391092596
1391095630
1391096743
1391421827
1391424852
1391426116
1391426705
1391427783
1391513205
1391513584
1391513866
1391514349
1391514587
1391529679
1391590500
1391591428
1391593000
1391594297
1391611122
1391691846
1391778510
1391785121
1392021194
1392024754
1392030117
1392112996
1392113326
1392113574
1392200582
1392203849
1392204063
1392211113
1392283738
1392302955
1392385457
1392634985
1392637714
1392639256
1392808337
1392808930
1392905957
1392988926
1392989719
1392991409
1393323677
1393334501
1393334985
1393846216
1393846565
1393923191
1393928248
1394010261
1394011318
1394014644
1394016178
1394018607
1394022743
1394024314
1394025252
1394026094
1394094218
1394097720
1394100357
1394103376
1394103836
1394107356
1394116436
1394122407
1394186816
1394187724
1394191076
1394207634
1394207996
1394208514
1394439934
1394441079
1394442020
1394462371
1394462759
1394462960
1394463307
1394464304
1394464659
1394466827
1394467050
1394526366
1394610306
1394631237
1394697293
1394721671
1395131721
1395132247
1395153525
1395229009
1395327333
1395327524
1395327648
1395328001
1395399077
1395649098
1395660049
1395664838
1395741675
1395742588
1395745606
1395746326
1395931839
1396015722
1396015979
1396016004
1396016018
1396016020
1396256386
1396454737
1396455447
1396537149
1396540305
1396540308
1396540340
1396540354
1396540368
1396540445
1396540447
1396540449
1396540454
1396540457
1396540463
1396540472
1396540489
1396540497
1396540512
1396540515
1396540518
1396540524
1396540529
1396540635
1396540637
1396540718
1396621475
1396621477
1396621478
1396621479
1396879073
1396881038
1396969342
1397035426
1397044543
1397055260
1397055572
1397055698
1397055896
1397056242
1397057057
1397057507
1397113986
1397114296
1397114734
1397114978
1397200071
1397218670
1397460589
1397480363
1397480703
1397645404
1397646192
1397727638
1398160792
1398680381
1398684305
1398685918
1398686116
1398686570
1398696490
1398698235
1398702176
1398702633
1398702908
1398703165
1398790577
1398793242
1399042446
1399043189
1399276378
1399385198
1399447196
1399468735
1399477896
1399478244
1399543238
1399640434
1399880687
1399970153
1399988991
1400147473
1400149216
1400160329
1400232444
1400483921
1400484731
1400500893
1400572859
1400579794
1400686822
1400743884
1400745272
1400763112
1400772389
1400841275
1400847262
1401116844
1401184348
1401197923
1401272452
1401434329
1401445352
1401451535
1401699532
1401718554
1401780264
1401780714
1401781282
1401781619
1401782041
1401788184
1401791277
1401791560
1401791844
1401801084
1401802133
1401803370
1401804931
1401805905
1401808131
1401809755
1401809758
1401869793
1401880423
1401892794
1401963848
1401967680
1402066235
1402317845
1402318557
1402319284
1402319722
1402320179
1402321449
1402401578
1402491222
1402497379
1402497534
1402498054
1402498439
1402570560
1402572276
1402673562
1402905320
1402907689
1402908862
1402909053
1402909262
1402909504
1402909903
1402990654
1403095379
1403105394
1403249241
1403252458
1403267840
1403512942
1403513869
1403619559
1403705073
1403788019
1403791525
1403791845
1403792918
1404228112
1404284040
1404284280
1404309820
1404378620
1404716261
1404740502
1404805711
1404834758
1404835026
1404918171
1404918645
1404989587
1404989943
1405337328
1405349893
1405429164
1405429391
1405431748
1405432292
1405432516
1405432863
1405433189
1405433615
1405434168
1405434663
1405437706
1405438115
1405518089
1405580987
1405587078
1405607713
1405610675
1405698312
1405949629
1406039095
1406108131
1406294260
1406294683
1406559712
1406560557
1406631440
1406636883
1406644630
1406712453
1406730687
1406878354
1407139455
1407163994
1407174527
1407222252
1407223494
1407338823
1407400504
1407401913
1407429333
1407436512
1407497275
1407497420
1407497422
1407497424
1407497432
1407497659
1407497665
1407497668
1407497670
1407497767
1407497771
1407497777
1407497783
1407497784
1407497800
1407497879
1407497881
1407497886
1407498101
1407498106
1407498109
1407498116
1407498117
1407498118
1407498120
1407498122
1407498124
1407498125
1407498254
1407498255
1407498271
1407498293
1407498375
1407498384
1407498403
1407498404
1407498407
1407498410
1407498421
1407498452
1407498509
1407498510
1407498513
1407766608
1407766919
1407852898
1407853996
1408035360
1408035790
1408436082
1408462439
1408517269
1408534581
1408712049
1408727384
1408954548
1409057974
1409130695
1409212191
1409221429
1409560040
1409669524
1409729480
1409738762
1409821923
1409839737
1409839738
1409839740
1409839766
1409839770
1409839771
1409839773
1409839775
1409839779
1409839780
1409910363
1409927147
1409927207
1410161672
1410167197
1410181355
1410181917
1410356965
1410357299
1410446445
1410447107
1410512513
1410771438
1410852296
1410852725
1410853698
1410869469
1410880106
1410880229
1410945859
1410945894
1411035562
1411050188
1411476617
1411563662
1411568795
1411733285
1412079298
1412081497
1412081741
1412082009
1412168834
1412169061
1412169313
1412169729
1412242605
1412244853
1412250044
1412267028
1412586515
1412845751
1412846045
1412846261
1412846464
1412846930
1412868648
1412936487
1412937037
1412937645
1412937907
1412938214
1412938487
1412938855
1412939267
1412939837
1412940155
1412940293
1412940643
1412940737
1412940768
1412940906
1412941196
1412941313
1412941590
1412941875
1412942179
1412942307
1412942543
1412943144
1412943371
1412943538
1412944055
1412944261
1412944380
1412953942
1413203057
1413203834
1413464283
1413534759
1413901251
1414054874
1414062807
1414067318
1414146050
1414421301
1414484451
1414484688
1414485021
1414495866
1414589188
1414674136
1414689242
1414689997
1414754407
1414770646
1415007059
1415036276
1415096194
1415096846
1415113953
1415176022
1415185027
1415189519
1415191049
1415192486
1415194021
1415194961
1415366987
1415368119
1415379283
1415616959
1415630404
1415863437
1415894008
1415904880
1415953351
1415971757
1415978789
1415979706
1416222299
1416246494
1416308395
1416318573
1416331653
1416386335
1416392554
1416395368
1416476425
1416498092
1416572940
1416572962
1416825987
1416925070
1417000262
1417099647
1417437756
1417525221
1417596065
1418124694
1418208360
1418212863
1418224630
1418312723
1418386511
1418824761
1418831784
1418833425
1418920766
1418977350
1418980055
1419328558
1419328995
1419329393
1419858890
1420448300
1420474560
1420553728
1420557305
1420558992
1420619803
1420620435
1420709332
1420712439
1420812904
1421061951
1421062457
1421071076
1421086222
1421167459
1421248944
1421317153
1421329355
1421330313
1421396989
1421653760
1421683048
1421749389
1421836867
1421837447
1421848689
1421849605
1421849931
1421852932
1421853098
1421853689
1421855865
1421856099
1421916841
1421920618
1422008949
1422010600
1422014661
1422018921
1422271978
1422272314
1422272664
1422273922
1422280001
1422367301
1422372755
1422373835
1422374369
1422432331
1422432706
1422439746
1422450725
1422529522
1422545030
1422549517
1422608248
1422609682
1422626130
1422630082
1422888877
1422896895
1422961138
1423050170
1423053753
1423134665
1423145122
1423213865
1423472596
1423478126
1423482120
1423482752
1423493108
1423497238
1423498065
1423562007
1423567570
1423732600
1423732745
1423742038
1423756419
1423756568
1423756719
1423757524
1423757889
1423757890
1423823101
1424094925
1424181014
1424247001
1424259584
1424260205
1424261145
1424261253
1424261614
1424352784
1424353626
1424361827
1424448916
1424680939
1424788634
1424962709
1424962842
1424963112
1424963248
1425292704
1425294817
1425397202
1425476902
1425477823
1425564577
1425916169
1425980310
1425994979
1425995161
1425998299
1426004454
1426004695
1426245108
1426496578
1426514275
1426514720
1426514835
1426514966
1426515111
1426610819
1426673650
1426689407
1427127248
1427184567
1427189049
1427192025
1427192915
1427276052
1427301208
1427301424
1427359089
1427362591
1427363500
1427385950
1427454867
1427455779
1427456284
1427456560
1427457213
1427457871
1427458254
1427458527
1427712282
1427887739
1427900801
1427959798
1428392452
1428392600
1428393026
1428393427
1428393558
1428395700
1428396509
1428397250
1428397709
1428398242
1428399921
1428400552
1428401280
1428404450
1428417676
1428481788
1428484618
1428484985
1428485150
1428485419
1428485658
1428485941
1428487178
1428488071
1428488584
1428489260
1428489463
1428490416
1428491195
1428491435
1428491725
1428492477
1428492679
1428492972
1428494527
1428494837
1428573599
1428574009
1428574370
1428575491
1428654839
1428677749
1428939780
1428949190
1428999842
1429001851
1429036003
1429106644
1429107171
1429177901
1429263744
1429263889
1429353828
1429604467
1429615605
1429624082
1430127518
1430139444
1430139605
1430204352
1430214353
1430215073
1430288709
1430288898
1430289058
1430291077
1430402243
1430402245
1430815684
1430815990
1430897343
1430898656
1430899562
1430911188
1430912833
1430990471
1431095207
1431096179
1431097179
1431097271
1431339820
1431340074
1431341879
1431348377
1431428405
1431428558
1431507500
1431510743
1431526516
1431526517
1432021379
1432046202
1432109630
1432109750
1432110040
1432128043
1432292448
1432299206
1432725205
1432823546
1432898363
1433156071
1433162343
1433251854
1433257433
1433257579
1433257700
1433258172
1433319954
1433409628
1433410117
1433494718
1433515906
1433760094
1433843002
1433847534
1433920519
1433920771
1433933193
1434017154
1434020359
1434106716
1434110667
1434117980
1434355551
1434356346
1434356936
1434376888
1434377624
1434445492
1434445912
1434466828
1434468283
1434637645
1434638571
1434698949
1434983081
1434986842
1435052455
1435052840
1435056874
1435057237
1435148851
1435231157
1435231407
1435234061
1435234788
1435235681
1435236044
1435236332
1435236774
1435240241
1435240483
1435308287
1435561913
1435562510
1435580725
1435581052
1435581347
1435581425
1435581936
1435662432
1435662672
1435662835
1435663399
1435663629
1435663780
1435734102
1435756777
1435830815
1435831253
1435930910
1435931237
1435932309
1436185535
1436188631
1436196394
1436196655
1436282418
1436772870
1436778257
1436876935
1436944825
1436971918
1436972416
1437053929
1437122148
1437136601
1437463598
1437481435
1437489541
1437557966
1437575786
1437638550
1437649017
1437740055
1437740260
1437985182
1437993370
1438071447
1438071653
1438073230
1438077321
1438084399
1438085533
1438156293
1438266246
1438267633
1438353639
1438596472
1438600727
1438617765
1438767772
1438788332
1438867696
1438869077
1439289141
1439289660
1439290074
1439292280
1439298003
1439372549
1439372946
1439374643
1439727423
1439803541
1439804187
1439804487
1439924956
1439955513
1439955924
1440009378
1440009584
1440010206
1440010448
1441100969
1441101221
1441182979
1441183297
1441183632
1441192633
1441697160
1442232386
1442307498
1442320268
1442406856
1442471880
1442474711
1442829839
1442842648
1442842779
1442915955
1443007931
1443011796
1443087927
1443183683
1443184063
1443187213
1443441586
1443442479
1443507855
1443508052
1443517462
1443520557
1443617224
1443678483
1443678841
1443679025
1443724474
1443724657
1443724806
1443725018
1443725302
1443789806
1443789813
1443789814
1443789821
1443789825
1443789828
1443789829
1443789832
1443789833
1443789842
1443789869
1443789871
1443789873
