1159366349
1159367046
1159367664
1159368371
1159440107
1159533996
1160032043
1160135364
1160407045
1160488139
1160556424
1160730040
1161167209
1161167859
1161174035
1161178957
1161775070
1161867931
1162819001
1162831041
1163081102
1163168223
1163494125
1163510823
1163517300
1163686529
1164099953
1164125395
1164270408
1164706768
1164979859
1165309279
1165396395
1165918940
1165929715
1165999855
1166105515
1166437439
1166443226
1166697847
1167380273
1167386313
1167405593
1167726176
1167736100
1168335940
1168610821
1168860018
1169047976
1170257160
1170262190
1170338002
1170405982
1170414777
1170422819
1170682521
1170687943
1170945503
1171274350
1171545992
1171621379
1171987235
1172071611
1172159711
1172572352
1172586174
1172671800
1172740759
1172760949
1172763547
1172833171
1173172489
1173177481
1174040115
1174385326
1174406173
1174643189
1174913064
1175005509
1175172301
1175603338
1175613528
1175761064
1176213304
1176218161
1176304581
1176474576
1176709673
1176795839
1176802480
1176812995
1176884492
1176899722
1176993370
1177322584
1177406294
1177422920
1177430290
1177491790
1177510115
1177571959
1177577577
1177590483
1177937782
1178100611
1178179794
1178201118
1178704221
1178716359
1179735114
1179844381
1180532273
1180616355
1181563466
1181637678
1181720701
1181806967
1181812762
1181832985
1181896600
1181921657
1182158292
1182327611
1182334614
1182520938
1182775993
1182780755
1182786217
1182933376
1182937349
1182948064
1183018547
1183038092
1183122948
1183468473
1183477457
1183538434
1183984797
1184594323
1184660849
1184675580
1184681792
1184686466
1184687204
1184840991
1185283410
1186574653
1186581562
1189501026
1189587610
1189590626
1189613834
1189677582
1189753329
1190021451
1190022269
1190028957
1190032501
1190041335
1190109254
1191307324
1191334625
1192010445
1192087835
1192102848
1192436391
1192444809
1192517684
1192546051
1192549652
1192609948
1192614500
1192636021
1193047668
1193059681
1193147831
1193219726
1193232402
1193239648
1193240800
1193325073
1193328009
1193390413
1193653806
1193667320
1193757681
1193847183
1194342310
1194535355
1195059023
1195224702
1195471037
1195575413
1195663209
1195721996
1196178519
1196774948
1196778109
1196845976
1196864914
1196934035
1196938602
1197362260
1197381869
1197389205
1197452319
1197467442
1197470941
1197548968
1197642618
1197648929
1197894898
1198145046
1198161409
1199781818
1200387288
1200479605
1200928808
1201600071
1201622628
1202302997
1202985989
1202998171
1203064288
1203352051
1203419342
1203937547
1203954794
1204036084
1204041389
1204101289
1204107954
1204127317
1204281187
1204293702
1204813941
1204819151
1204900122
1205330495
1205400729
1205405616
1205494076
1205507981
1205745462
1205751198
1205762573
1205850130
1205936969
1206526310
1206548076
1206634997
1206695326
1206711617
1208168570
1208179151
1208275203
1208332570
1208340934
1208436375
1209981919
1210068495
1210337092
1210672928
1210754290
1210844835
1210941647
1211273695
1211966480
1212137521
1212655761
1212663789
1212745902
1213694295
1213712272
1213778118
1214223108
1214296308
1214899437
1214905804
1214923746
1215159594
1215703110
1215769943
1216722026
1216734608
1216806088
1216889017
1219396293
1219415526
1219911648
1222338490
1222347046
1222416956
1222424697
1222439071
1222442755
1222781349
1222787432
1222851644
1222867572
1222944112
1223284273
1223379498
1223389470
1223394007
1223451673
1223557831
1223561052
1223907269
1223996655
1224057898
1224082547
1224142751
1224230643
1224235112
1224685772
1224748918
1225122134
1225266439
1225271802
1225277507
1225361483
1225376096
1225723869
1225966938
1226311754
1226316056
1226412735
1226931943
1228884255
1228903354
1228906544
1228939872
1228993719
1229058553
1229111528
1229151762
1229343977
1230713472
1230715243
1231484005
1231491422
1231838287
1231842330
1231845709
1231919973
1231930686
1232360635
1232363780
1234514704
1234774809
1234789476
1236249332
1236604521
1236699957
1236760576
1236863089
1236932315
1238419651
1238425630
1238484878
1238490254
1238743991
1239700073
1239711784
1239778246
1239955156
1240231174
1240241150
1240387437
1240905165
1241079429
1241507940
1241515688
1242035429
1242651487
1242723991
1242807540
1243242290
1244189060
1244208773
1245761317
1245915737
1245922629
1246374733
1246525652
1246607046
1246612016
1248163077
1248257553
1248359307
1248686293
1249030922
1249378260
1249385507
1250501603
1253004825
1253009239
1253012508
1253177958
1253182636
1253219107
1253222520
1254824748
1255013895
1255343862
1255352741
1255363799
1255688792
1256311296
1256549108
1256553079
1258408430
1258410792
1258619687
1259313988
1260870091
1261039881
1262010203
1262013171
1262016377
1262086845
1262096177
1262766743
1263306088
1263900813
1263983705
1264428958
1264520063
1264680189
1265022157
1266340181
1266913737
1267006180
1267039745
1267040229
1267041898
1267042346
1267042904
1267043766
1268295945
1268731216
1270113478
1270631716
1270634781
1270730597
1271751149
1271771163
1271839194
1271927405
1272276470
1272298174
1272609592
1272890597
1272896480
1272897692
1272900382
1272902273
1273149340
1273696570
1274104544
1274348176
1274362375
1274790990
1274879764
1274882104
1274948689
1275035506
1275289846
1275295238
1275311312
1275319287
1276069049
1276071927
1276076678
1276164249
1276532743
1276611546
1277365112
1277449432
1277449777
1277450496
1277462835
1277464093
1277824298
1277975625
1278059369
1278313137
1278423746
1278488670
1278945697
1279184332
1279266346
1279545922
1279553476
1279553483
1279553486
1279553487
1279553488
1279553496
1279553497
1279553501
1279553504
1279553531
1279553532
1279553534
1279553600
1279553601
1279553606
1279553607
1279553608
1279553609
1279553612
1279553615
1279553619
1279553621
1279553634
1279553635
1279553648
1279553651
1279553666
1279553677
1279553679
1279553684
1279553687
1279553709
1279553714
1279553764
1279553768
1279553769
1279553771
1279553776
1279553778
1279553781
1279553782
1279553785
1279553787
1279553789
1279553793
1279553794
1279553799
1279553807
1280237022
1280913831
1281338139
1281427387
1281434253
1281622416
1281693883
1282038020
1282046605
1282046949
1282047573
1282227560
1282809010
1282809355
1283522683
1284041257
1284538201
1284547736
1284995285
1285067902
1285073597
1285073819
1285746663
1286207714
1286546128
1286547566
1286976716
1287390225
1287581019
1287587694
1288019130
1288085735
1288101499
1288256140
1288275664
1288279534
1290285218
1290413163
1290415287
1290696532
1291194788
1291632696
1291646356
1291646794
1291647431
1291651763
1291713282
1291804858
1292319797
1292320184
1292320881
1292324535
1292490647
1292595565
1292601727
1292833765
1292854884
1293033478
1293449617
1293637594
1294326811
1294326896
1294326906
1294734529
1294825604
1294918524
1295012116
1295430391
1295534185
1295882145
1296574726
1296643966
1296828740
1297086528
1297176240
1297350002
1297432435
1297678774
1297759349
1297759856
1297794018
1298563260
1298883803
1298884304
1298885292
1298887136
1298989639
1298991680
1299076075
1299081905
1299082004
1299579421
1299752170
1299853674
1300091266
1300091895
1300094654
1300197917
1300198232
1300445197
1300898315
1300957664
1300959294
1301068912
1301319736
1301389440
1301396641
1301478836
1301560019
1301573868
1301645936
1301935448
1301994595
1302010863
1302075827
1302086402
1302186564
1302188434
1302248787
1302608594
1302621693
1302795316
1303305703
1303374477
1303377823
1304411115
1304511461
1304669556
1304687326
1305033586
1305195908
1305277568
1305278159
1305538161
1305641048
1305722774
1305884072
1305884077
1306142782
1306248987
1306419913
1306424483
1306767130
1306915812
1307456211
1307540674
1307610637
1307611079
1307620857
1307620899
1308140625
1308231704
1308556291
1308563303
1308742718
1309158069
1309422328
1309786947
1309868397
1309872275
1309873608
1309940917
1309962898
1309966072
1310027335
1310121495
1310122603
1310378625
1310479446
1310544948
1310545738
1310546535
1310550037
1311085882
1311086620
1311150011
1311150948
1311153623
1311154247
1311155636
1311156751
1311164110
1311164508
1311165558
1311165968
1311166735
1311167420
1311168314
1311169414
1311169758
1311170870
1311171489
1311173010
1311175641
1311176560
1311176853
1311177475
1311342442
1311349233
1311349939
1311349965
1311410451
1311410798
1311411503
1311411977
1311414066
1311415830
1311432157
1311432829
1311434379
1311434713
1311499453
1311499720
1311499991
1311663618
1311680099
1311680409
1311681234
1311681521
1311682260
1311682840
1311683355
1311683735
1311684105
1311685348
1311686011
1311686464
1311687011
1311687420
1311756862
1311757704
1311761156
1311761530
1311761921
1311762705
1311763073
1311847153
1311869778
1311922238
1311951470
1312030212
1312215621
1312272065
1312272543
1312362681
1312387782
1312442318
1312442683
1312442987
1312443529
1312444462
1312444751
1312531204
1312532389
1312533115
1312533786
1312622254
1312622756
1312623405
1312623828
1312624344
1312625412
1312626217
1312627006
1312627450
1312630070
1312631118
1312631491
1312632440
1312892856
1312895029
1312896404
1312896427
1313050948
1313059707
1313070714
1313071094
1313156403
1313156728
1313418857
1313656806
1313657058
1313670804
1313676995
1313679382
1313760320
1313765163
1314011655
1314011892
1314176038
1314180015
1314180170
1314192524
1314192825
1314259112
1314352638
1314364780
1314365126
1314862470
1315416069
1315484694
1315484701
1315561260
1315561763
1315920251
1315921796
1315932335
1315994210
1315995090
1316022439
1316074735
1316087130
1316098621
1316103063
1316103064
1316167170
1316419559
1316432800
1316533344
1316533844
1316534353
1316591433
1316596090
1316611739
1316612379
1316617228
1316694010
1316694423
1316769948
1316781239
1316783160
1317043303
1317047653
1317052483
1317055164
1317204725
1317205213
1317212372
1317221229
1317290097
1317297963
1317299275
1317307588
1317308172
1317386411
1317390997
1317391572
1317749203
1317807914
1317809250
1317890788
1317988562
1318002720
1318240624
1318241202
1318333708
1318337268
1318420475
1318420808
1318420993
1318432702
1318432708
1318498106
1318513257
1318576872
1318585803
1318594389
1318846922
1318847382
1318847818
1318923273
1319004668
1319010322
1319022276
1319025927
1319028837
1319112872
1319113409
1319127270
1319199760
1319200061
1319209165
1319210540
1319445805
1319459130
1319463771
1319470732
1319535436
1319550943
1319551344
1319551498
1319551958
1319618349
1319620422
1319620949
1319623591
1319624337
1319624705
1319626673
1319638560
1319639460
1319639998
1319640810
1319719778
1319720308
1320055672
1320056357
1320065971
1320077402
1320077643
1320236892
1320239786
1320330739
1320678510
1320766711
1320769569
1320770466
1320770735
1320854329
1320999392
1321435388
1321435653
1321436663
1321460161
1321546150
1321546744
1321548052
1321626500
1321884683
1321886949
1321888233
1322066339
1322209504
1322226665
1322555678
1322670924
1322674172
1322745686
1322822669
1322823480
1323247928
1323253223
1323264072
1323265021
1323353704
1323447354
1323447592
1323451287
1323452011
1323452152
1323452154
1323452156
1323452157
1323452158
1323682329
1323682966
1323697262
1323702401
