1443789884
1443789886
1443789888
1443789914
1443789969
1443789970
1443789986
1443789987
1443789989
1443789993
1443789994
1443789995
1443789997
1443790022
1443790024
1443790050
1443790051
1443790066
1443790067
1443790081
1443790082
1443790152
1443790156
1443790159
1443790160
1443790182
1443790208
1443790211
1443790213
1443790214
1443790227
1443790231
1443790248
1443790300
1443790350
1443790374
1443790375
1443790381
1443790382
1443790383
1443790385
1443790386
1443790389
1443790391
1443790395
1443790396
1443790399
1443790400
1443790403
1443790404
1443790407
1443790408
1443790409
1443790422
1443790427
1443790430
1443790431
1443790434
1443790435
1443790436
1443790437
1443790439
1443790440
1443790452
1443790453
1443790455
1443790457
1443790458
1443790459
1443790460
1443790476
1443790479
1443790508
1443790541
1443790543
1443790546
1443790561
1443790564
1443790567
1443790571
1443790578
1443790582
1443790583
1443790584
1443790586
1443790588
1443790593
1443790598
1443790601
1443790603
1443790604
1443790605
1443790608
1443790614
1443790623
1443790624
1443790633
1443790634
1443790635
1443790642
1443790644
1443790645
1443790650
1443790656
1443790658
1443790661
1443790668
1443790671
1443790674
1443790677
1443790679
1443790685
1443790689
1443790692
1443790693
1443790694
1443790697
1443790699
1443790701
1443790703
1443790709
1443790717
1443790720
1443790724
1443790727
1443790732
1443790743
1443790747
1443790755
1443790762
1443790764
1443790773
1443790774
1443790778
1443790780
1443790781
1443790783
1443790784
1443790790
1443790794
1443790796
1443790798
1443790803
1443790804
1443790805
1443790813
1443790817
1443790822
1443790845
1443790848
1443790851
1443790852
1443790855
1443790880
1443790884
1443790887
1443790955
1443790980
1443790993
1443791003
1443791006
1443791039
1443791046
1443791048
1443791065
1443791069
1443791076
1443791080
1443791083
1443791094
1443791095
1443791102
1443791116
1443791119
1443791124
1443791138
1443791150
1443791156
1443791161
1443791165
1443791169
1443791172
1443791173
1443791177
1443791181
1443791186
1443791187
1443791190
1443791193
1443791199
1443791201
1443791203
1443791210
1443791216
1443791219
1443791221
1443791222
1443791229
1443791230
1443791232
1443791234
1443791238
1443791243
1443791247
1443791249
1443791250
1443791253
1443791254
1443791255
1443791256
1443791258
1443791259
1443791262
1443791269
1443791274
1443791275
1443791277
1443791284
1443791285
1443791286
1443791294
1443791295
1443791299
1443791310
1443791312
1443791314
1443791316
1443791321
1443791326
1443791328
1443791329
1443791334
1443791336
1443791339
1443791352
1443791356
1443791359
1443791360
1443791361
1443791364
1443791370
1443791373
1443791376
1443791383
1443791387
1443791389
1443791392
1443791398
1443791399
1443791401
1443791402
1443791406
1443791412
1443791423
1443791424
1443791440
1443791444
1443791456
1443791464
1443791492
1443791524
1443791525
1443791530
1443791542
1443791543
1443791545
1443791601
1443791615
1443791982
1443791987
1443791989
1443791992
1443791998
1443792001
1443792010
1443792113
1443792153
1443792176
1443792183
1443792189
1443792190
1443792196
1443792258
1443792262
1443792264
1443792288
1443792289
1443792292
1443792295
1443792296
1443792297
1443792299
1443792302
1443792355
1443792358
1443792359
1443792365
1443792420
1443792428
1443792430
1443792431
1443792434
1443792437
1443792448
1443792451
1443792455
1443792457
1443792458
1443792461
1443792468
1443792470
1443792478
1443792479
1443792484
1443792486
1443792489
1443792491
1443792492
1443792498
1443792531
1443792536
1443792569
1443792571
1443792572
1443792670
1443792683
1443792762
1443792763
1443792765
1443792766
1443792799
1443792800
1443792808
1443792811
1443792816
1443792820
1443792823
1443792837
1443792844
1443792851
1443792856
1443792867
1443792870
1443793060
1443793124
1443793125
1443793172
1443793190
1443793197
1443793233
1443793240
1443793241
1443793243
1443793244
1443793247
1443793249
1443793251
1443793266
1443793269
1443793271
1443793273
1443793274
1443793277
1443793279
1443793286
1443793289
1443793292
1443793293
1443793297
1443793315
1443793324
1443793352
1443793354
1443793361
1443793389
1443793390
1443793419
1443793421
1443793424
1443793429
1443793431
1443793439
1443793440
1443793444
1443793448
1443793449
1443793451
1443793456
1443793457
1443793458
1443793460
1443793463
1443793466
1443793468
1443793469
1443793470
1443793472
1443793474
1443793479
1443793481
1443793482
1443793483
1443793484
1443793489
1443793495
1443793499
1443793500
1443793501
1443793505
1443793508
1443793510
1443793511
1443793513
1443793514
1443793518
1443793523
1443793524
1443793525
1443793527
1443793531
1443793533
1443793539
1443793543
1443793547
1443793559
1443793561
1443793563
1443793567
1443793568
1443793573
1443793575
1443793577
1443793578
1443793579
1443793580
1443793585
1443793594
1443793602
1443793604
1443793610
1443793612
1443793613
1443793614
1443793615
1443793619
1443793621
1443793622
1443793625
1443793631
1443793634
1443793638
1443793642
1443793644
1443793646
1443793650
1443793653
1443793657
1443793659
1443793671
1443793672
1443793677
1443793678
1443793688
1443793689
1443793690
1443793692
1443793693
1443793699
1443793700
1443793709
1443793710
1443793714
1443793716
1443793720
1443793727
1443793729
1443793732
1443793740
1443793743
1443793746
1443793747
1443793749
1443793753
1443793755
1443793759
1443793761
1443793766
1443793769
1443793770
1443793776
1443793777
1443793780
1443793782
1443793786
1443793787
1443793798
1443793799
1443793803
1443793804
1443793806
1443793808
1443793811
1443793817
1443793823
1443793827
1443793831
1443793832
1443793835
1443793836
1443793837
1443793839
1443793840
1443793842
1443793843
1443793844
1443793846
1443793851
1443793852
1443793856
1443793870
1443793878
1443793880
1443793882
1443793897
1443793901
1443793902
1443793904
1443793911
1443793912
1443793913
1443793917
1443793920
1443793922
1443793923
1443793925
1443793926
1443793927
1443793934
1443793937
1443793938
1443793940
1443793943
1443793946
1443793947
1443794002
1443794008
1443794011
1443794017
1443794023
1443794028
1443794031
1443794033
1443794034
1443794036
1443794039
1443794049
1443794051
1443794056
1443794058
1443794059
1443794064
1443794068
1443794069
1443794073
1443794108
1443794113
1443794116
1443794117
1443794119
1443794120
1443794127
1443794129
1443794134
1443794135
1443794139
1443794145
1443794148
1443794149
1443794151
1443794152
1443794154
1443794165
1443794166
1443794167
1443794173
1443794174
1443794175
1443794188
1443794192
1443794222
1443794228
1443794249
1443794255
1443794259
1443794265
1443794278
1443794282
1443794285
1443794286
1443794287
1443794374
1443794437
1443794441
1443794442
1443794453
1443794454
1443794456
1443794457
1443794458
1443794460
1443794464
1443794473
1443794475
1443794476
1443794477
1443794481
1443794483
1443794487
1443794488
1443794490
1443794493
1443794494
1443794501
1443794503
1443794504
1443794505
1443794509
1443794518
1443794524
1443794526
1443794528
1443794530
1443794532
1443794533
1443794535
1443794536
1443794539
1443794540
1443794542
1443794543
1443794544
1443794551
1443794553
1443794555
1443794641
1443794647
1443794676
1443794688
1443794692
1443794693
1443794696
1443794727
1443794732
1443794733
1443794739
1443794841
1443794842
1443794886
1443794897
1443794900
1443794904
1443794917
1443794918
1443794920
1443794922
1443794927
1443794937
1443794938
1443794943
1443794944
1443794946
1443794950
1443794968
1443794975
1443794976
1443794978
1443794983
1443794986
1443794996
1443795003
1443795006
1443795015
1443795018
1443795030
1443795031
1443795046
1443795047
1443795049
1443795051
1443795052
1443795056
1443795057
1443795062
1443795072
1443795078
1443795087
1443795092
1443795101
1443795127
1443795137
1443795140
1443795145
1443795147
1443795149
1443795151
1443795155
1443795163
1443795165
1443795166
1443795168
1443795169
1443795170
1443795176
1443795177
1443795178
1443795181
1443795182
1443795183
1443795185
1443795190
1443795202
1443795203
1443795205
1443795208
1443795232
1443795233
1443795235
1443795293
1443795294
1443795297
1443795298
1443795301
1443795310
1443795311
1443795383
1443795403
1443795411
1443795417
1443795424
1443795425
1443795447
1443795453
1443795458
1443795459
1443795466
1443795474
1443795475
1443795479
1443795482
1443795484
1443795485
1443795486
1443795488
1443795509
1443795512
1443795591
1443795594
1443795595
1443795597
1443795598
1443795602
1443795609
1443795610
1443795619
1443795623
1443795646
1443795647
1443795672
1443795811
1443795823
1443795831
1443795850
1443795865
1443795872
1443795880
1443795897
1443795901
1443795902
1443795914
1443795932
1443795933
1443795935
1443795940
1443795951
1443795956
1443795959
1443795962
1443795986
1443795989
1443795990
1443796018
1443796029
1443796031
1443796037
1443796044
1443796059
1443796060
1443796061
1443796065
1443796612
1443796630
1443796661
1443796663
1443796666
1443796667
1443796670
1443796673
1443796676
1443796679
1443796680
1443796682
1443796695
1443796702
1443796707
1443796708
1443796710
1443796711
1443796713
1443796716
1443796719
1443796721
1443796722
1443796729
1443796731
1443796734
1443796735
1443796736
1443796738
1443796739
1443796740
1443796743
1443796749
1443796770
1443796773
1443796774
1443796779
1443796781
1443796784
1443796794
1443796805
1443796823
1443796825
1443796832
1443796833
1443796839
1443796840
1443796841
1443796847
1443796854
1443796865
1443796887
1443796893
1443796894
1443796896
1443796897
1443796919
1443796920
1443796922
1443796924
1443796940
1443796945
1443796952
1443796954
1443796957
1443796960
1443796961
1443796963
1443796966
1443796967
1443796970
1443796973
1443796975
1443796976
1443796977
1443796978
1443796980
1443796981
1443796984
1443796987
1443796990
1443796992
1443796995
1443796997
1443796998
1443796999
1443797000
1443797001
1443797013
1443797098
1443797147
1443797259
1443797262
1443797263
1443797269
1443797271
1443797347
1443797351
1443797368
1443797370
1443797373
1443797505
1443797509
1443797520
1443797532
1443797557
1443797561
1443797584
1443797604
1443797636
1443797637
1443797638
1443797639
1443797646
1443797654
1443797799
1443797803
1443797805
1443797808
1443797810
1443797813
1443797814
1443797824
1443797825
1443797839
1443797847
1443797852
1443797854
1443797866
1443797881
1443797924
1443797933
1443797939
1443798017
1443798034
1443798104
1443798107
1443798110
1443798112
1443798113
1443798117
1443798119
1443798123
1443798125
1443798127
1443798134
1443798138
1443798139
1443798141
1443798142
1443798146
1443798148
1443798154
1443798155
1443798156
1443798160
1443798161
1443798162
1443798164
1443798166
1443798169
1443798170
1443798176
1443798179
1443798183
1443798185
1443798186
1443798187
1443798190
1443798195
1443798196
1443798197
1443798200
1443798202
1443798203
1443798204
1443798206
1443798208
1443798209
1443798213
1443798215
1443798222
1443798235
1443798241
1443798243
1443798244
1443798246
1443798248
1443798250
1443798259
1443798273
1443798274
1443798275
1443798276
1443798277
1443798278
1443798281
1443798282
1443798283
1443798284
1443798286
