1031030816
1031030853
1031030855
1047979757
1066395100
1078925455
1078925804
1078926374
1090997588
1094811214
1111054784
1113395646
1116426304
1124368175
1124373008
1124805226
1124809666
1124868354
1124871721
1125497930
1126533577
1128717630
1134555827
1174923280
1179152344
1179240739
1193239658
1193240814
1193240848
1193240897
1193240947
1193241047
1193242671
1193242944
1193243145
1193243902
1193243903
1193243904
1193245022
1193245059
1193245242
1193245794
1193245868
1196938682
1196938736
1196938894
1196939011
1197900648
1199799917
1204294065
1206711664
1215421287
1223473498
1223479134
1223479135
1223479198
1223479271
1229592751
1229592821
1229593096
1234789612
1234789639
1234789685
1246436607
1250601422
1253093422
1256573820
1256629545
1256638870
1265637310
1267437553
1267437700
1267438211
1272875962
1273569089
1274091099
1274943932
1277465776
1277465790
1277465791
1277465792
1278345912
1278489008
1278489525
1290417061
1295263205
1296656445
1296659054
1296660066
1296660440
1299081910
1299081921
1299081990
1299597935
1299849967
1300703078
1304412054
1309333109
1309417918
1314271813
1315484704
1316419086
1323452151
1327692599
1329930749
1331308473
1332842006
1336462095
1340187022
1340187023
1341934075
1342085765
1342515989
1351680055
1356023778
1357296628
1357299949
1357301349
1357305350
1359533363
1359544345
1364208230
1366298736
1366803084
1366803088
1369326533
1369327103
1369995848
1369998807
1374676039
1374676884
1374852002
1375375749
1377070630
1377071063
1377071814
1377072234
1377073677
1377074087
1377074657
1377074810
1377075843
1377076064
1377077422
1377077767
1377078422
1377078593
1377078735
1377080419
1377080891
1377081326
1377081760
1377082125
1377082636
1377083009
1377085952
1377086164
1377087264
1377088442
1377089140
1377090206
1377090472
1377090806
1377091245
1377091951
1377092705
1377093062
1377093438
1377094327
1377099713
1377158990
1377159254
1377159889
1377160060
1377160408
1377161823
1377162096
1377163001
1377163136
1377163528
1377165155
1377165369
1377165933
1377166492
1377167219
1377246538
1377246887
1377249818
1377250187
1377251876
1377252203
1377253962
1377254442
1377507096
1378818466
1379429577
1379430386
1380729851
1380730054
1380731231
1381146306
1381158863
1381158891
1381159424
1381160603
1381161548
1381333356
1381760265
1381761066
1381763121
1381764600
1381765011
1381845505
1381845829
1381846447
1381846684
1381847731
1381848930
1381849206
1381926116
1382113842
1382366947
1382715580
1382716536
1382949553
1382949845
1382975875
1382976253
1383052954
1385135630
1385384670
1385385765
1385389805
1385390093
1385994497
1385994717
1386163941
1386167382
1386238571
1386678389
1386688601
1386754039
1386770910
1387272365
1388412960
1389023659
1389024670
1389620481
1391094045
1391529680
1391780645
1392724236
1392805678
1393411979
1395303869
1395304310
1395841652
1396015994
1396015995
1396016003
1396016005
1396016008
1396016012
1396016025
1396016039
1396540401
1396540413
1396540455
1396540456
1396540545
1396540547
1396540600
1396540633
1396540672
1396540685
1396540850
1396945655
1397477693
1397546656
1397547803
1398348675
1398349145
1398352049
1398793980
1399279743
1399280023
1399281010
1399284892
1399361824
1399379940
1399449255
1399542761
1399619052
1401106925
1401262951
1401263408
1401263966
1401441872
1401443379
1401443588
1401983708
1402060737
1402061393
1402061787
1402068276
1402386111
1402415172
1402557465
1402558199
1402576588
1402915147
1402916018
1402916758
1402916980
1402917367
1402917651
1403099959
1403100925
1403101361
1403101792
1403614045
1403787342
1404229945
1404466339
1404824281
1405587769
1405610875
1405611077
1405698659
1405698848
1407256874
1407257186
1407498097
1407498423
1407929811
1409220767
1409222012
1409223886
1409224277
1409224810
1409225398
1409225876
1409226208
1409226477
1409559708
1409927161
1409927162
1409927164
1409927168
1409927169
1410181935
1411055253
1411112839
1411113244
1411115395
1411115657
1411377790
1411394432
1411394994
1411462541
1411463308
1411733291
1412249628
1412589420
1412590178
1412611094
1412782042
1412782561
1412782835
1412852624
1412868652
1412868654
1412925106
1412946470
1412946881
1412947295
1412947671
1412947864
1412948228
1412948338
1412948458
1412954223
1413453777
1413562185
1413564127
1413564876
1413811563
1413811565
1413811566
1413882254
1413882699
1413904679
1413905097
1414050758
1414426252
1414426965
1414427279
1414427508
1414436516
1414494885
1414599088
1414599478
1414599677
1414689866
1415037059
1415038356
1415116047
1415215419
1415638226
1415694838
1415698166
1415991025
1415991033
1416392529
1416393095
1416393836
1416417434
1416418506
1416491966
1416848948
1417630533
1418051173
1418306867
1418736982
1418742314
1418747947
1418835398
1418835762
1418836053
1418897094
1418898518
1418898886
1418899342
1418900030
1419264770
1419326429
1419409943
1420474351
1420474561
1420715080
1421661205
1421694158
1421759881
1421769372
1421827580
1422269251
1422269427
1422269638
1422270306
1422270513
1422270680
1422271594
1422288478
1422345803
1422346640
1422366246
1422366636
1422458071
1422458286
1422544031
1422990967
1423224362
1423231170
1423478996
1423480533
1423736690
1423816573
1423816817
1423821057
1424074606
1424172826
1424174859
1424183265
1424852776
1424853431
1424873539
1424945773
1425398075
1425916669
1425982560
1425985533
1425985762
1426004934
1426005335
1426005494
1426060758
1426091247
1426091414
1426259842
1426259846
1426259848
1426493843
1426674869
1426675028
1426675509
1427277554
1427277838
1427277994
1427278271
1427457144
1428417162
1428479770
1428479978
1428480123
1428480465
1428505854
1428505971
1428506167
1428564572
1429278764
1429540399
1429541454
1429541583
1429541700
1429625631
1429883923
1429890658
1430378361
1430378489
1430912579
1432131409
1432211630
1432737994
1432890430
1433316650
1433852140
1437136466
1438596816
1438864404
1439375900
1439376250
1439376622
1439377018
1439377238
1439377470
1439378092
1439378257
1439378434
1439378674
1440494743
1440667222
1441196613
1441607710
1442576135
1442576435
1442576737
1442916330
1443004591
1443005129
1443005324
1443193314
1443789838
1443789965
1443790052
1443790272
1443790276
1443790279
1443790499
1443790504
1443790758
1443791531
1443791713
1443791718
1443791720
1443791721
1443791724
1443791729
1443791735
1443791740
1443791745
1443791746
1443791747
1443791749
1443791751
1443791753
1443792029
1443792033
1443792035
1443792042
1443792107
1443792268
1443792450
1443792545
1443792793
1443792805
1443792848
1443792873
1443793062
1443793064
1443793077
1443793085
1443793744
1443793924
1443793976
1443794098
1443794189
1443794230
1443794231
1443794232
1443794237
1443794319
1443794328
1443794331
1443794559
1443794737
1443795045
1443795285
1443795374
1443795414
1443795534
1443795536
1443795537
1443795539
1443795664
1443795903
1443795905
1443795911
1443796067
1443796070
1443796752
1443796755
1443797863
1443797960
1443797963
1443797964
1443797965
1443797968
1443797982
1443797983
1443797984
1443797986
1443798131
1443799363
1443799493
1443799540
1443799556
1443799573
1443799577
1443799580
1443799603
1443799607
1443799819
1443799820
1443799858
1443799883
1443800042
1443800060
1443800061
1443800063
1443800065
1443800070
1443800071
1443800137
1443800615
1443801112
1443801194
1443801859
1443802098
1443802100
1443802612
1443802614
1443802615
1443802617
1443802620
1443802622
1443802705
1443803528
1443803543
1443803544
1443803551
1443803553
1443803564
1443803566
1443803571
1443803591
1443803597
1443803667
1443803672
1443803688
1443803716
1443803720
1443803735
1443803740
1443803741
1443803742
1443803759
1443803760
1443803870
1443803874
1443803891
1443803895
1443803896
1443803898
1443803921
1443803956
1443804206
1443805032
1443805201
1443805363
1443805501
1443805768
1443805774
1443805782
1443805827
1443805830
1443805840
1443805849
1443806349
1443807000
1443807259
1443807337
1443807986
1443808748
1443809030
1443810544
1443810819
1443813969
1443814017
1443814329
1443814330
1443819018
1443824979
1443825098
1443825111
1443825284
1443825293
1443825881
1443826820
1443826895
1443828164
1443830957
1443831815
1443831848
1443831992
1443832922
1443832931
1443832932
1443832952
1443832953
1443832959
1443832985
1443832987
1443832989
1443832993
1443833003
1443833019
1443834556
1443836108
1443836214
1443837194
1443848040
1443857461
1443858172
1443858700
1443858957
1443859846
1443865862
1443869028
1443871629
1443875181
1443876292
1443878007
1443880630
1443887090
1443888518
1443890855
1443891909
1443909047
1443910445
1443910580
1443920326
1443920546
1443922160
1443927917
1443931447
1443932569
1443934230
1443934594
1443935037
1443935355
1443937616
1443939352
1444307921
1444312089
1444830323
1445004517
1445004689
1445870500
1445871211
1446213517
1446213700
1446213866
1446635519
1446635813
1446647248
1446720379
1448361184
1448443679
1449500507
1449848464
1452095908
1452610344
1453883907
1453884531
1454452088
1455121111
1455791166
1455791473
1456321520
1456993881
1457090326
1459240165
1461590808
1461939790
1462184677
1462184951
1462204100
1462364021
1462554794
1462554804
1462554887
1462556493
1462557701
1462557710
1462557711
1463665162
1464172554
1464888306
1466670510
1469457842
1469544983
1470845317
1470919113
1471249882
1471250146
1471418915
1471435235
1471529154
1472049644
1472198895
1472546337
1472547104
1472822380
1474378478
1475757546
1476103814
1476280971
1476280973
1476449277
1476695465
1476776834
1476777338
1476971338
1477345350
1477564377
1477564670
1478600732
1478698742
1478701829
1478702138
1478703714
1478703900
1479119944
1479396968
1481028992
1481290844
1481626482
1481626487
1481787808
1482406389
1483695776
1486045449
1486134657
1486134942
1487685948
1489000234
1489000376
1489160664
1489678743
1490702787
1491459668
1492617006
1492617355
1492617575
1493020458
1493020882
1493021162
1493131123
1493131274
1493216856
1493217337
1493217596
1493367862
1493718665
1494405688
1495009844
1495558600
1496080691
1498544733
1498545126
1499192594
1499235458
1499235647
1499958953
1500886591
1501773657
1502116850
1502879767
1502904141
1503081086
1504080874
1504205084
1505128315
1505385442
1508860059
1513676055
1515492091
1515775395
1516177834
1516178462
1518113058
1522847397
1523293128
1523454126
1525853391
1525854087
1525855356
1525855941
1526478702
1527098068
1535538969
1537956996
1538404619
1542884184
1543839223
1544772603
1544774228
1545400627
1545897697
1546850928
1549545044
1552648379
1552650725
1576078733
1579509701
1580977374
1581683002
1582185730
1592489251
1593158147
1593159754
1600358095
1622544438
1631181838
1635171310
1636115561
1645090909
1645090912
1645090913
1645538077
1646314411
1646410663
1646666009
1648711128
1649674763
1654264828
1654265463
1656061965
1656511853
1656511862
1656511944
1661435077
1661770779
1665152178
1665664585
1668070571
1668423964
1670599181
1671538672
1674729158
1679057347
1683798784
1689166191
1689166354
1693381230
1707905089
1399449255
1377246887
1179152344
1412925106
